1	6
1	5
1	27
1	128
1	19
1	185
1	42
1   414
1	571
1	453
1	452
1	438
1	329
1	104
1	298
1	21
1	42
1	216
1	367
1	602
1	372
1	217
1	603
1	75
1	156
1	198
1	342
1	21
1	474
1	308
1	10
1	11
1	195
1	453
1	517
1	160
1	132
1	414
1	19
1	28
1	135
1	57
1	70
1	410
1	587
1	500
1	59
1	202
1	312
1	353
1	391
1	39
1	27
1	32
1	105
1	33
1	6
1	292
1	387
1	38
1	37
1	8
1	19
1	117
1	160
1	349
1	140
1	31
1	217
1	104
1	84
1	28
1	602
1	546
1	603
1	54
1	18
1	429
1	19
1	108
1	109
1	42
1	99
1	284
1	604
1	234
1	274
1	179
1	11
1	64
1	44
1	8
1	9
1	501
1	14
1	91
1	414
1	181
1	32
1	89
1	33
1	567
1	458
1	36
1	93
1	492
1	57
1	436
1	380
1	314
1	117
1	380
1	101
1	75
1	296
1	139
1	19
1	132
1	18
1	480
1	605
1	111
1	182
1	226
1	91
1	19
1	27
1	32
1	35
1	603
1	448
1	74
1	606
1	314
1	312
1	346
1	199
1	57
1	28
1	84
1	139
1	339
1	159
1	111
1	177
1	82
1	153
1	105
1	115
1	47
1	21
1	126
1	305
1	19
1	517
1	125
1	143
1	232
1	140
1	68
1	91
1	307
1	266
1	26
1	34
1	307
1	42
1	603
1	140
1	19
1	91
1	81
1	84
1	18
1	132
1	414
1	270
1	58
1	38
1	42
1	125
1	136
1	445
1	148
1	323
1	68
1	98
1	247
1	111
1	272
1	328
1	21
1	153
1	50
1	57
1	339
1	28
1	18
1	41
1	22
1	202
1	82
1	156
1	91
1	41
1	317
1	248
1	606
1	111
1	249
1	560
1	62
1	34
1	63
1	105
1	380
1	352
1	74
1	462
1	212
1	29
1	210
1	414
1	274
1	165
1	137
1	68
1	125
1	132
1	23
1	232
1	298
1	480
1	21
1	187
1	19
1	405
1	89
1	318
1	91
1	200
1	228
1	453
1	146
1	368
1	509
1	202
1	315
1	36
1	177
1	508
1	314
1	342
1	39
1	66
1	288
1	207
1	41
1	263
1	372
1	97
1	40
1	153
1	262
1	68
1	181
1	290
1	265
1	99
1	127
1	571
1	42
1	599
1	292
1	45
1	182
1	44
1	266
1	294
1	156
1	600
1	75
1	268
1	102
1	380
1	186
1	20
1	270
1	76
1	298
1	104
1	217
1	132
1	51
1	160
1	382
1	438
1	135
1	385
1	219
1	328
1	469
1	275
1	412
1	109
1	137
1	274
1	387
1	27
1	136
1	55
1	608
1	414
1	220
1	555
1	195
1	57
1	307
1	416
1	113
1	28
1	391
1	84
1	225
1	140
1	59
1	87
1	115
1	143
1	474
1	199
1	33
1	392
1	89
1	198
1	117
1	226
1	448
1	32
1	367
1	395
1	479
1	63
1	274
1	304
1	108
1	139
1	57
1	111
1	600
1	263
1	197
1	182
1	156
1	82
1	177
1	563
1	195
1	517
1	132
1	95
1	448
1	68
1	135
1	89
1	414
1	480
1	131
1	140
1	75
1	111
1	279
1	73
1	231
1	298
1	352
1	49
1	248
1	105
1	474
1	104
1	365
1	534
1	590
1	24
1	306
1	182
1	448
1	305
1	94
1	114
1	586
1	563
1	212
1	89
1	258
1	68
1	294
1	47
1	313
1	153
1	537
1	23
1	489
1	382
1	551
1	184
1	41
1	380
1	143
1	76
1	528
1	522
1	182
1	143
1	140
1	28
1	57
1	153
1	159
1	68
1	52
1	232
1	84
1	156
1	41
1	83
1	290
1	149
1	600
1	187
1	28
1	32
1	140
1	312
1	599
1	182
1	60
1	100
1	27
1	380
1	178
1	274
1	132
1	45
1	47
1	68
1	111
1	298
1	28
1	41
1	199
1	98
1	62
1	46
1	474
1	160
1	140
1	199
1	198
1	217
1	82
1	62
1	219
1	274
1	76
1	40
1	79
1	42
1	414
1	156
1	294
1	32
1	202
1	368
1	226
1	91
1	39
1	590
1	57
1	577
1	230
1	157
1	268
1	419
1	391
1	298
1	76
1	274
1	199
1	105
1	275
1	292
1	387
1	182
1	254
1	83
1	73
1	414
1	525
1	62
1	220
1	177
1	288
1	249
1	103
1	361
1	290
1	448
1	68
1	57
1	140
1	58
1	217
1	328
1	146
1	246
1	52
1	599
1	517
1	126
1	590
1	325
1	139
1	45
1	160
1	232
1	474
1	47
1	380
1	403
1	41
1	42
1	200
1	305
1	36
1	91
1	377
1	131
1	84
1	109
1	307
1	85
1	274
1	57
1	346
1	45
1	62
1	32
1	45
1	288
1	43
1	234
1	217
1	191
1	68
1	57
1	350
1	91
1	547
1	51
1	40
1	44
1	84
1	46
1	33
1	68
1	290
1	40
1	91
1	597
1	202
1	45
1	44
1	144
1	195
1	188
1	275
1	387
1	474
1	373
1	177
1	198
1	84
1	182
1	116
1	606
1	163
1	109
1	414
1	412
1	307
1	298
1	89
1	50
1	85
1	292
1	187
1	83
1	599
1	274
1	167
1	43
1	140
1	328
1	57
1	368
1	182
1	596
1	68
1	288
1	50
1	217
1	81
1	136
1	58
1	57
1	68
1	96
1	94
1	81
1	84
1	474
1	50
1	96
1	91
1	42
1	140
1	199
1	217
1	132
1	428
1	554
1	68
1	117
1	81
1	42
1	446
1	57
1	99
1	177
1	270
1	140
1	217
1	603
1	604
1	256
1	139
1	195
1	298
1	177
41	307
41	143
41	199
41	125
41	233
41	95
41	42
41	47
41	50
41	67
41	268
41	200
41	599
41	412
41	153
41	64
41	152
41	328
41	283
41	105
41	391
41	68
41	600
41	111
41	167
41	73
41	487
41	83
41	62
41	81
41	76
41	490
42	294
42	101
42	244
42	135
42	438
42	283
42	160
42	132
42	514
42	280
42	436
42	68
42	372
42	57
42	288
42	182
42	183
42	474
42	109
42	368
42	140
42	181
42	141
42	79
42	532
42	104
42	414
42	249
42	177
42	146
42	307
42	216
42	410
42	45
42	54
42	217
42	448
42	608
42	198
42	265
42	95
42	238
42	51
42	313
42	234
43	56
44	368
44	66
44	84
44	57
44	58
44	273
44	50
44	135
44	214
44	182
45	47
45	64
45	91
45	236
45	325
45	135
45	380
45	117
45	232
45	84
45	182
45	608
45	414
45	195
45	105
45	367
45	104
45	603
45	58
45	57
45	555
45	217
45	71
45	141
45	448
45	96
45	51
45	68
45	313
45	330
45	167
45	474
46	57
47	596
47	599
47	123
47	380
47	77
47	50
47	76
47	73
47	304
47	249
47	177
47	580
47	159
47	567
47	318
47	313
47	153
47	292
47	132
47	116
47	448
47	119
47	129
47	265
47	212
47	232
47	68
48	68
49	111
50	387
50	54
50	111
50	305
50	599
50	73
50	216
50	132
50	346
50	68
50	104
50	298
50	105
50	66
50	103
50	292
50	318
50	567
50	89
50	204
50	564
50	434
50	334
50	84
50	182
50	279
50	332
50	448
50	119
50	474
50	275
50	328
50	308
50	365
50	177
50	388
50	603
50	76
50	139
50	220
50	221
51	501
51	384
51	325
51	91
51	160
51	414
51	90
51	244
51	64
51	474
51	132
51	288
51	57
51	318
51	610
51	294
51	179
51	199
51	462
52	288
52	220
52	561
52	414
52	152
52	205
52	80
52	89
54	89
54	217
55	111
55	127
56	84
56	93
57	477
57	191
57	219
57	605
57	104
57	217
57	313
57	160
57	83
57	555
57	167
57	368
57	82
57	110
57	81
57	290
57	109
57	137
57	59
57	288
57	372
57	199
57	198
57	294
57	265
57	84
57	462
57	63
57	91
57	90
57	118
57	202
57	88
57	201
57	297
57	438
57	268
57	567
57	94
57	274
57	387
57	121
57	64
57	177
57	414
57	599
57	182
57	391
57	68
57	181
57	474
57	603
57	360
57	102
57	602
57	128
57	156
57	135
58	81
58	113
58	307
58	91
58	68
58	66
58	100
59	113
59	84
59	75
59	603
59	318
59	132
59	63
59	195
60	68
62	68
62	139
62	212
62	380
62	534
62	219
62	326
62	563
62	73
62	561
62	496
62	358
62	105
62	248
62	331
62	249
62	610
62	111
62	154
62	152
62	586
62	428
62	94
62	184
62	448
62	365
62	598
62	210
62	211
62	65
62	306
62	125
62	132
63	96
63	84
63	309
63	149
63	333
63	387
63	139
63	105
63	274
63	104
63	526
63	83
63	480
63	542
63	133
63	414
63	64
63	217
63	219
64	182
64	172
64	219
64	414
64	606
64	101
64	66
64	68
64	167
64	489
64	599
64	187
64	307
64	177
64	391
64	274
64	80
64	105
64	117
65	125
65	143
65	119
65	105
66	139
66	414
66	332
66	111
66	448
66	84
66	78
66	182
66	104
66	105
66	474
66	103
66	179
66	220
66	71
66	599
66	140
67	118
67	160
67	177
68	180
68	219
68	140
68	294
68	282
68	169
68	79
68	182
68	84
68	552
68	170
68	608
68	226
68	113
68	288
68	198
68	260
68	73
68	525
68	489
68	227
68	74
68	462
68	115
68	177
68	262
68	412
68	263
68	125
68	256
68	139
68	239
68	414
68	82
68	232
68	529
68	509
68	268
68	352
68	247
68	324
68	94
68	212
68	298
68	185
68	200
68	326
68	213
68	186
68	187
68	89
68	159
68	477
68	390
68	90
68	265
68	152
68	365
68	306
68	91
68	153
68	599
68	428
68	307
68	96
68	279
68	254
68	323
68	210
68	167
68	473
68	255
68	160
68	132
68	474
68	318
68	220
68	387
68	274
68	539
68	249
68	275
68	222
68	517
68	135
68	438
68	313
68	328
68	223
68	285
68	172
68	369
68	128
68	111
68	217
68	104
68	392
68	433
68	448
68	117
68	600
68	405
68	292
68	105
68	380
68	131
70	290
70	414
70	221
71	217
71	307
71	392
71	94
71	84
71	140
71	78
73	136
73	305
73	98
73	600
73	249
73	563
73	177
73	567
73	152
73	105
73	226
73	111
73	119
73	448
73	89
73	288
73	414
73	365
73	132
74	156
74	152
74	474
74	606
74	387
74	285
74	339
74	221
74	84
74	253
74	438
74	140
74	249
74	95
74	414
74	182
74	599
74	202
74	275
75	94
75	292
75	139
75	307
75	140
75	219
75	416
75	221
75	411
75	546
75	108
76	125
76	160
76	232
76	261
76	116
76	82
76	83
76	119
76	182
76	317
76	141
76	308
76	105
76	247
76	416
77	328
77	111
77	292
78	133
78	279
78	561
78	474
78	86
78	368
78	91
78	160
79	414
79	140
79	274
79	84
79	217
80	90
80	380
80	292
80	105
80	111
80	305
80	306
80	123
80	103
80	211
81	304
81	330
81	160
81	187
81	130
81	126
81	191
81	134
82	427
82	160
82	414
82	96
82	534
82	438
82	177
82	91
82	201
82	226
82	266
82	197
82	431
82	111
82	288
83	132
83	163
83	209
83	105
83	217
83	368
83	268
83	509
83	219
83	533
83	489
83	307
83	232
84	474
84	221
84	275
84	140
84	98
84	606
84	342
84	217
84	162
84	109
84	199
84	262
84	603
84	263
84	437
84	105
84	195
84	458
84	294
84	412
84	288
84	117
84	207
84	414
84	555
84	181
84	201
84	182
84	202
84	445
84	113
84	94
84	156
84	95
84	177
84	385
84	91
84	245
84	100
85	135
85	275
85	160
85	199
85	182
85	603
86	91
87	105
87	167
88	89
89	255
89	219
89	111
89	519
89	217
89	414
89	306
89	137
89	483
89	522
89	275
89	509
89	119
89	480
89	308
89	232
89	182
89	448
89	283
89	91
89	90
89	298
89	572
89	382
89	249
89	380
89	303
89	248
89	135
90	414
90	93
90	91
90	307
90	385
90	596
90	117
90	262
90	283
91	132
91	115
91	95
91	186
91	294
91	117
91	104
91	153
91	116
91	414
91	230
91	262
91	177
91	156
91	474
91	405
91	110
91	199
91	217
91	325
91	183
91	219
91	182
91	500
91	606
91	137
91	100
91	490
91	103
91	380
91	298
91	150
91	274
91	387
91	597
91	245
91	160
91	140
91	232
91	368
91	599
91	234
91	266
91	483
91	288
91	127
91	571
91	372
92	288
93	99
93	112
93	284
93	217
94	103
94	104
94	181
94	266
94	113
94	160
94	156
94	121
94	126
95	109
95	298
95	275
95	140
95	312
95	182
95	199
95	387
95	474
95	195
95	150
95	438
95	348
95	599
95	187
96	160
96	100
96	156
96	508
96	136
96	140
96	603
96	368
96	108
97	238
97	202
98	125
98	217
98	318
98	153
98	306
98	305
99	191
99	604
99	372
99	136
99	429
99	119
99	294
100	608
100	313
100	288
100	139
100	109
100	309
101	267
101	422
101	219
101	603
101	372
101	414
101	412
101	203
102	297
102	109
103	249
103	107
103	247
103	326
103	132
103	381
103	122
103	382
103	305
103	119
103	199
103	306
103	564
103	265
103	218
103	141
103	177
104	517
104	554
104	117
104	414
104	220
104	226
104	177
104	563
104	474
104	318
104	124
104	232
104	181
104	182
104	234
104	448
104	489
104	438
104	590
104	156
104	105
104	356
104	308
104	217
105	152
105	372
105	125
105	159
105	307
105	158
105	156
105	448
105	275
105	346
105	274
105	200
105	380
105	387
105	249
105	177
105	318
105	137
105	212
105	391
105	462
105	606
105	534
105	182
105	146
105	119
105	140
105	324
105	226
105	222
105	150
105	122
105	509
105	397
105	263
105	153
105	298
105	188
106	152
107	121
107	120
108	414
108	117
108	438
108	202
108	263
108	606
108	140
109	147
109	202
109	195
109	602
109	380
109	385
109	162
109	133
109	318
109	121
109	182
109	120
109	181
109	532
109	117
110	160
110	314
110	221
110	156
111	564
111	125
111	226
111	448
111	586
111	596
111	177
111	563
111	233
111	212
111	232
111	517
111	380
111	153
111	132
111	438
111	247
111	210
111	165
111	184
111	414
111	187
111	601
111	279
111	600
111	141
111	464
111	298
111	140
111	354
111	143
111	365
111	198
111	331
111	274
111	249
111	139
111	509
111	307
111	306
111	474
112	130
113	182
113	603
113	181
113	198
113	288
113	217
113	342
113	216
113	294
113	140
113	168
113	313
113	368
113	222
113	448
113	221
113	174
113	474
113	162
113	599
113	479
113	160
113	597
113	186
113	266
113	156
113	309
113	202
113	246
113	414
114	298
115	270
115	255
115	183
115	288
115	232
115	117
115	160
115	199
115	236
115	409
115	372
116	160
116	135
116	380
116	140
116	303
117	182
117	181
117	269
117	268
117	151
117	150
117	265
117	414
117	199
117	448
117	188
117	144
117	304
117	488
117	385
117	135
117	121
117	133
117	288
117	240
117	372
117	140
118	132
118	288
118	160
119	249
119	221
119	307
119	495
119	408
119	190
119	212
119	232
119	125
119	210
119	483
119	256
119	178
119	140
119	227
119	143
120	474
120	169
120	200
120	314
120	458
121	150
121	262
121	517
121	133
121	373
121	124
121	140
122	318
122	215
122	125
122	517
122	249
123	177
123	414
124	177
124	135
124	448
125	212
125	248
125	380
125	160
125	210
125	288
125	339
125	318
125	241
125	317
125	199
125	184
125	448
125	279
125	182
125	139
125	511
125	177
125	603
125	414
125	305
125	298
125	252
125	408
125	495
125	249
126	136
126	485
126	174
126	266
126	187
126	191
127	265
127	326
127	161
127	140
127	217
127	255
127	199
128	600
128	305
128	590
128	140
129	288
129	484
130	230
130	178
130	134
130	133
131	480
131	599
131	469
131	416
132	331
132	190
132	224
132	297
132	528
132	602
132	489
132	199
132	603
132	608
132	391
132	153
132	307
132	279
132	344
132	232
132	160
132	245
132	346
132	233
132	274
132	161
132	509
132	275
132	438
132	427
132	504
132	315
132	140
132	294
132	181
132	282
132	367
132	182
132	288
132	474
132	487
132	177
132	149
132	222
132	216
132	414
132	217
132	230
133	226
133	144
133	202
133	135
133	411
134	140
134	181
135	217
135	368
135	144
135	216
135	219
135	140
135	294
135	428
135	165
135	137
135	288
135	596
135	290
135	312
135	160
135	191
135	380
135	181
135	202
135	304
135	391
135	307
135	182
135	199
135	301
135	226
135	177
135	149
135	387
136	438
136	191
136	160
136	414
136	294
136	372
136	373
136	140
136	173
136	223
136	181
137	199
137	141
137	140
137	177
137	182
137	492
137	599
137	156
137	290
139	141
139	140
139	327
139	274
139	318
139	567
139	305
139	525
139	307
139	462
139	448
139	414
139	495
139	339
139	517
139	298
139	187
139	590
139	479
139	217
139	219
139	542
139	198
139	226
139	177
139	438
139	365
139	610
139	561
139	317
140	535
140	448
140	181
140	202
140	182
140	372
140	288
140	196
140	232
140	479
140	282
140	141
140	508
140	290
140	177
140	480
140	198
140	142
140	509
140	481
140	368
140	276
140	474
140	426
140	313
140	391
140	427
140	230
140	195
140	606
140	414
140	422
140	217
140	415
140	274
140	331
140	169
140	367
140	254
140	275
140	226
140	219
140	325
140	156
140	603
140	326
140	213
140	555
140	165
140	348
140	462
140	244
140	265
140	188
140	599
140	153
140	302
140	380
140	352
140	155
140	191
140	298
140	263
140	453
140	186
140	590
140	285
141	159
141	167
141	274
141	165
141	156
141	232
141	148
141	298
141	317
141	288
142	195
143	182
143	177
143	232
143	275
143	274
143	313
143	534
143	280
143	159
143	155
143	255
143	210
143	298
143	509
143	525
144	226
144	156
144	149
144	170
146	288
146	200
146	199
146	177
146	573
146	160
147	174
148	401
148	193
148	212
148	322
149	592
149	187
149	166
149	297
149	217
149	479
149	160
149	328
149	416
149	372
149	424
149	288
150	191
150	151
150	179
150	170
150	214
151	270
151	182
151	374
151	277
151	456
152	380
152	462
152	219
152	326
152	232
152	274
152	393
152	199
152	317
153	428
153	313
153	217
153	356
153	222
153	193
153	330
153	198
153	606
153	233
153	160
153	167
153	159
153	298
153	261
153	157
153	247
153	305
153	497
153	381
153	522
153	503
153	177
153	593
153	308
154	339
155	214
155	158
155	199
155	217
155	216
156	256
156	356
156	317
156	172
156	357
156	474
156	318
156	177
156	221
156	175
156	469
156	313
156	244
156	606
156	216
156	217
156	600
156	171
156	309
156	462
156	165
156	603
156	166
156	385
156	160
156	215
156	232
156	387
156	268
156	517
156	372
156	414
156	590
156	274
156	292
156	409
156	191
156	368
156	265
156	294
156	266
156	587
156	226
156	288
156	332
157	233
157	169
157	474
158	246
158	249
158	274
158	217
158	182
159	317
159	274
159	391
159	496
159	534
159	249
159	177
159	464
159	219
159	288
159	480
159	298
159	351
159	212
159	357
160	414
160	297
160	600
160	177
160	298
160	483
160	222
160	603
160	168
160	368
160	208
160	560
160	169
160	182
160	432
160	254
160	288
160	360
160	200
160	406
160	333
160	262
160	373
160	290
160	396
160	202
160	555
160	292
160	244
160	161
160	294
160	597
160	384
160	428
160	234
160	163
160	385
160	284
160	247
160	386
160	313
160	588
160	325
160	387
160	517
160	193
160	326
160	287
160	167
160	195
160	591
160	391
160	198
160	448
160	187
160	199
160	449
160	265
160	216
160	266
160	217
160	218
160	279
160	230
160	307
160	480
160	268
160	219
160	571
160	308
161	186
161	325
161	178
162	170
162	321
163	414
163	391
163	600
165	167
165	599
165	438
165	425
165	217
165	216
165	288
165	275
165	187
166	380
166	198
166	179
166	173
167	448
167	273
167	215
167	275
167	474
167	469
167	187
167	186
167	182
167	298
167	198
167	178
167	195
167	288
167	283
167	217
167	313
167	477
167	368
168	294
168	268
169	199
169	181
169	186
169	453
169	288
169	298
169	414
169	554
169	177
170	517
170	173
170	181
170	314
170	373
171	588
172	288
172	226
172	217
173	182
173	314
173	174
174	199
174	232
174	182
174	603
174	217
175	177
177	345
177	237
177	410
177	307
177	462
177	219
177	489
177	198
177	305
177	226
177	488
177	603
177	217
177	188
177	414
177	602
177	216
177	267
177	223
177	382
177	600
177	222
177	608
177	448
177	563
177	381
177	249
177	606
177	220
177	474
177	482
177	605
177	211
177	298
177	182
177	479
177	368
177	252
177	405
177	477
177	257
177	484
177	373
177	212
177	263
177	525
177	282
177	597
177	509
177	334
177	427
177	260
177	288
177	332
177	200
177	426
177	315
177	469
177	294
177	234
177	293
177	387
177	365
177	292
177	232
177	517
177	385
177	274
177	318
177	346
177	317
178	186
178	184
178	179
178	230
179	380
179	492
179	181
179	182
179	240
179	217
180	217
181	476
181	276
181	208
181	536
181	229
181	436
181	199
181	492
181	448
181	368
181	217
181	290
181	288
181	414
181	270
181	191
181	297
181	187
181	265
181	386
182	257
182	314
182	448
182	206
182	263
182	368
182	312
182	260
182	183
182	599
182	313
182	560
182	318
182	453
182	195
182	474
182	608
182	552
182	330
182	342
182	387
182	331
182	198
182	199
182	479
182	298
182	274
182	275
182	219
182	353
182	216
182	410
182	217
182	356
182	603
182	434
182	414
182	290
182	221
182	270
182	185
182	606
182	235
182	469
182	324
182	288
182	268
182	191
182	232
182	325
182	483
182	245
182	480
182	238
182	202
182	344
183	202
183	199
183	186
183	275
183	298
183	368
183	217
184	305
184	212
184	380
184	567
184	318
184	474
184	514
184	448
184	232
184	414
185	325
185	380
185	358
185	290
185	186
185	247
185	387
185	414
186	191
186	414
186	313
186	202
186	288
186	274
186	380
186	216
186	603
186	195
186	474
187	480
187	246
187	414
187	474
187	610
187	199
187	227
187	282
187	198
187	219
187	218
187	317
187	357
187	274
187	387
187	208
187	307
187	241
187	462
187	200
187	308
187	202
187	298
187	233
187	590
187	232
187	331
188	488
188	206
188	202
188	199
188	268
188	517
188	474
188	275
190	219
190	249
191	235
191	270
191	600
191	414
191	603
191	308
191	385
191	199
191	373
191	195
191	283
191	230
191	368
191	437
191	202
191	294
191	244
193	216
193	266
193	264
195	216
195	320
195	222
195	325
195	292
195	199
195	198
195	201
195	372
195	260
195	202
195	262
195	244
195	414
195	266
195	249
195	422
195	275
195	217
196	292
196	463
196	354
197	274
197	217
198	249
198	255
198	219
198	199
198	217
198	263
198	260
198	603
198	358
198	489
198	285
198	275
198	234
198	272
198	462
198	212
198	391
198	202
198	414
198	525
198	339
198	226
198	372
198	265
198	474
198	230
198	288
198	268
199	380
199	241
199	603
199	411
199	268
199	602
199	597
199	298
199	599
199	292
199	462
199	434
199	294
199	266
199	428
199	317
199	233
199	288
199	566
199	263
199	318
199	397
199	262
199	368
199	229
199	201
199	231
199	202
199	333
199	249
199	332
199	221
199	474
199	307
199	605
199	245
199	217
199	216
199	414
199	275
199	247
199	219
199	274
199	353
199	325
199	218
200	222
200	307
200	337
200	567
200	426
200	232
200	599
200	263
200	380
200	381
200	325
200	274
200	414
201	202
201	275
201	414
201	268
201	599
202	235
202	414
202	368
202	232
202	346
202	222
202	469
202	606
202	571
202	221
202	290
202	219
202	465
202	288
202	602
202	216
202	325
202	391
202	603
202	217
202	322
202	265
202	474
202	301
202	387
202	274
202	384
202	275
202	385
202	332
202	352
202	286
202	353
202	229
202	226
202	555
202	318
202	238
202	203
202	372
202	462
202	587
202	597
202	260
203	247
203	217
203	284
203	294
204	330
204	288
204	560
205	408
206	302
206	276
207	219
208	217
208	221
208	235
209	378
210	222
210	249
210	219
210	212
210	474
210	298
210	534
210	325
210	292
211	222
211	448
211	232
212	279
212	232
212	233
212	274
212	305
212	306
212	246
212	287
212	418
212	241
212	448
212	318
212	525
212	426
212	482
212	380
212	483
212	249
212	381
212	414
212	567
212	298
213	414
213	387
214	216
214	492
214	265
214	270
215	367
215	342
215	221
216	517
216	292
216	474
216	448
216	225
216	298
216	217
216	409
216	266
216	268
216	422
216	233
216	387
216	462
216	346
216	355
216	274
216	275
216	469
216	288
216	325
217	381
217	247
217	380
217	492
217	266
217	245
217	599
217	514
217	265
217	244
217	357
217	597
217	307
217	271
217	555
217	270
217	249
217	411
217	603
217	361
217	325
217	517
217	268
217	360
217	219
217	226
217	608
217	254
217	600
217	225
217	274
217	387
217	224
217	273
217	414
217	606
217	308
217	231
217	385
217	328
217	315
217	469
217	384
217	314
217	391
217	221
217	313
217	220
217	474
217	368
217	481
217	234
217	290
217	430
217	232
217	288
217	239
217	372
217	259
217	428
217	238
217	294
217	448
217	237
217	590
217	292
217	397
217	489
217	263
217	355
217	262
217	297
217	346
217	438
218	480
218	309
218	294
219	469
219	599
219	226
219	325
219	307
219	608
219	297
219	326
219	480
219	296
219	249
219	380
219	442
219	311
219	275
219	462
219	298
219	274
219	448
219	369
219	368
219	267
219	580
219	266
219	373
219	288
219	221
219	434
219	414
219	365
219	233
219	292
219	232
219	244
219	474
219	331
219	294
219	234
219	332
219	263
219	527
219	280
219	597
219	385
219	282
220	249
220	448
220	545
220	238
220	232
220	330
220	303
220	414
220	298
220	489
220	533
220	292
220	226
220	344
221	325
221	474
221	380
221	307
221	246
221	305
221	599
221	462
221	465
221	387
221	346
221	367
221	266
221	414
221	514
221	368
221	290
221	288
221	260
221	227
221	448
221	254
222	298
222	372
222	263
222	483
222	249
222	266
222	305
222	448
222	226
222	227
222	274
222	380
222	414
222	268
222	580
222	318
222	462
222	232
222	233
223	255
223	484
223	425
223	436
223	313
223	287
223	434
223	503
223	301
224	587
224	361
224	307
224	517
225	312
225	307
225	266
225	236
225	603
225	304
226	307
226	305
226	298
226	241
226	297
226	235
226	294
226	232
226	380
226	492
226	405
226	607
226	229
226	438
226	555
226	288
226	436
226	517
226	282
226	553
226	318
226	428
226	599
226	391
226	312
226	274
226	474
226	249
226	273
226	414
227	305
227	254
227	420
227	448
227	339
227	318
228	281
229	269
229	274
229	235
229	249
230	308
230	255
230	551
230	247
230	313
230	274
230	233
230	396
230	387
231	233
231	497
232	339
232	288
232	438
232	610
232	380
232	293
232	381
232	233
232	408
232	260
232	563
232	352
232	564
232	240
232	298
232	412
232	356
232	305
232	414
232	306
232	307
232	246
232	534
232	308
232	385
232	309
232	510
232	474
232	387
232	274
232	573
232	249
232	388
232	480
232	271
232	425
232	590
232	328
232	369
232	483
232	428
232	448
232	254
232	280
232	317
232	318
233	279
233	238
233	424
233	322
233	555
233	474
233	599
233	284
233	263
233	298
233	564
233	610
233	414
233	605
233	305
233	271
233	274
234	380
234	381
234	599
234	288
234	448
234	414
234	307
234	367
234	555
234	274
234	421
234	583
234	373
234	428
234	384
234	531
234	294
235	394
235	265
235	266
235	239
235	263
235	262
236	312
236	391
236	384
236	448
236	292
237	268
237	249
238	422
238	314
238	313
238	288
238	317
238	294
238	606
238	265
238	275
238	414
239	266
239	605
239	249
239	368
240	269
240	600
240	288
241	390
241	365
241	346
241	352
241	351
241	474
241	275
241	318
244	288
244	599
244	414
244	308
244	265
244	600
244	603
244	368
244	294
245	603
245	474
245	329
245	268
245	462
245	599
245	265
245	308
245	307
246	271
246	288
246	414
246	328
246	286
246	600
246	405
246	307
246	534
246	298
246	489
247	483
247	361
247	509
247	305
247	307
247	279
247	517
247	271
247	298
247	387
247	600
247	288
247	313
248	305
248	596
248	339
248	352
248	380
249	561
249	254
249	368
249	462
249	610
249	274
249	564
249	279
249	307
249	464
249	306
249	305
249	276
249	382
249	325
249	381
249	424
249	352
249	380
249	357
249	599
249	263
249	448
249	318
249	332
249	317
249	454
249	288
249	339
249	316
249	294
249	480
249	365
249	408
249	265
249	556
249	387
249	292
249	414
249	534
250	288
252	328
252	380
252	448
253	606
253	603
253	387
254	474
254	387
254	305
254	423
254	313
254	345
254	397
254	438
254	326
254	414
255	602
255	279
255	298
255	281
255	416
255	365
255	520
255	474
256	365
256	305
256	298
256	489
257	510
257	283
258	414
258	567
259	308
259	288
259	266
260	309
260	412
260	603
260	414
260	265
260	307
260	317
260	346
260	274
260	287
260	263
261	274
262	284
262	385
262	329
262	603
262	470
262	414
262	266
262	469
262	270
262	536
262	368
262	313
262	372
262	429
262	287
262	453
263	391
263	412
263	298
263	414
263	603
263	264
263	294
263	266
263	288
263	332
263	290
263	448
263	428
263	308
263	311
263	383
264	288
264	274
265	422
265	309
265	448
265	308
265	287
265	286
265	285
265	368
265	411
265	599
265	438
265	603
265	288
265	414
265	266
265	294
265	387
265	292
265	474
265	325
265	307
265	577
265	555
266	368
266	274
266	298
266	275
266	606
266	287
266	307
266	304
266	603
266	555
266	317
266	563
266	414
266	313
266	294
266	328
266	270
266	448
266	268
266	288
266	269
266	483
267	287
267	554
267	414
267	474
267	312
268	462
268	438
268	372
268	288
268	289
268	368
268	369
268	448
268	313
268	308
268	309
268	274
268	367
268	483
268	304
268	325
268	600
268	414
268	307
268	356
268	387
268	555
268	410
268	297
269	283
269	609
269	428
269	288
269	524
269	270
270	302
270	337
270	301
270	423
270	492
270	529
270	271
270	353
270	276
270	555
270	294
270	479
270	297
271	307
271	385
271	328
271	274
271	313
272	497
273	541
273	381
273	314
273	294
274	381
274	462
274	307
274	279
274	276
274	414
274	305
274	610
274	387
274	564
274	275
274	580
274	385
274	534
274	438
274	298
274	607
274	483
274	436
274	480
274	409
274	509
274	368
274	453
274	294
274	600
274	448
274	339
274	292
274	477
274	555
274	474
274	318
274	599
274	288
274	317
274	499
274	315
274	287
274	312
274	331
274	284
274	313
274	590
274	282
274	382
274	380
274	352
275	292
275	294
275	325
275	298
275	438
275	469
275	331
275	387
275	330
275	567
275	305
275	414
275	360
275	307
275	391
275	474
275	280
275	517
275	367
275	603
275	313
275	422
275	546
275	602
275	286
275	427
275	342
275	317
275	288
275	606
275	344
275	290
276	277
276	380
276	381
276	284
276	321
276	304
277	290
279	318
279	394
279	352
279	380
279	305
279	534
279	610
279	414
279	567
279	339
279	448
279	298
279	365
279	599
279	292
279	517
279	287
279	283
280	448
280	298
280	346
280	357
280	307
280	368
280	288
282	309
282	506
282	305
282	474
282	318
282	522
282	312
282	288
282	298
283	492
283	293
283	294
283	307
283	287
283	353
283	595
283	335
284	359
284	314
284	501
284	380
284	304
284	301
284	307
284	297
284	592
284	446
285	445
285	414
285	489
285	318
285	367
285	307
286	322
286	304
286	317
286	288
287	360
287	288
287	414
287	297
287	603
287	296
287	422
287	410
287	304
287	317
287	318
288	306
288	489
288	600
288	307
288	391
288	419
288	380
288	297
288	503
288	337
288	448
288	381
288	603
288	298
288	409
288	560
288	382
288	410
288	422
288	605
288	411
288	328
288	368
288	606
288	301
288	412
288	480
288	607
288	453
288	481
288	414
288	360
288	372
288	289
288	527
288	333
288	555
288	373
288	290
288	474
288	597
288	292
288	320
288	392
288	599
288	294
288	477
288	406
288	367
288	312
288	352
288	590
288	313
288	325
288	547
288	425
288	437
288	509
288	315
288	327
288	438
288	427
288	384
288	317
288	428
288	345
288	357
288	385
288	496
288	346
288	469
288	580
288	608
288	387
288	304
288	305
288	571
288	488
289	428
289	599
289	414
290	555
290	291
290	325
290	318
290	322
290	387
290	420
290	312
290	414
290	575
290	380
290	309
290	342
290	307
290	609
290	527
290	603
290	479
290	474
290	330
290	367
290	597
290	368
291	292
292	318
292	339
292	368
292	313
292	369
292	448
292	370
292	380
292	381
292	535
292	480
292	294
292	426
292	483
292	610
292	591
292	414
292	560
292	599
292	587
292	332
292	352
292	298
292	390
292	391
292	328
292	305
292	384
292	606
292	307
292	474
292	367
292	317
293	490
293	314
293	474
293	372
294	301
294	510
294	395
294	603
294	600
294	508
294	335
294	608
294	606
294	333
294	535
294	314
294	367
294	469
294	386
294	313
294	387
294	428
294	500
294	352
294	462
294	411
294	325
294	353
294	599
294	524
294	307
294	552
294	409
294	359
294	304
294	597
294	414
294	489
294	377
294	448
294	474
294	381
294	298
294	342
294	299
294	453
294	368
294	297
294	543
294	479
294	576
294	541
294	372
296	391
296	434
296	370
297	414
297	559
297	308
297	313
297	386
297	474
297	368
297	334
297	372
297	437
297	453
297	597
297	307
297	302
297	301
298	484
298	339
298	380
298	414
298	308
298	381
298	480
298	412
298	306
298	453
298	517
298	307
298	422
298	514
298	410
298	599
298	495
298	304
298	596
298	305
298	448
298	318
298	409
298	490
298	526
298	356
298	567
298	555
298	357
298	391
298	564
298	317
298	326
298	489
298	525
298	606
298	534
298	352
298	312
298	387
298	560
298	313
298	428
298	510
298	323
298	438
298	426
298	511
298	427
298	365
298	600
298	528
298	509
298	334
298	542
298	332
298	504
298	580
298	477
298	393
298	331
298	474
298	368
298	328
298	475
299	372
299	308
301	345
301	546
301	387
301	339
301	365
301	535
301	314
301	474
301	356
301	307
301	304
301	302
302	372
302	414
302	470
302	321
302	304
303	313
304	368
304	312
304	313
304	314
304	428
304	386
304	317
304	566
304	469
304	308
304	414
304	323
304	367
304	448
305	509
305	318
305	326
305	317
305	590
305	352
305	496
305	306
305	503
305	339
305	428
305	382
305	491
305	309
305	390
305	418
305	381
305	610
305	380
305	534
305	414
305	369
305	561
305	331
305	448
305	567
305	474
305	373
305	328
305	599
305	515
305	366
305	514
305	365
306	495
306	610
306	514
306	317
306	393
306	331
306	475
306	365
306	362
306	509
306	506
306	564
306	563
306	417
306	560
306	525
306	352
307	483
307	311
307	482
307	474
307	331
307	428
307	330
307	313
307	484
307	448
307	333
307	606
307	312
307	368
307	560
307	315
307	563
307	489
307	317
307	373
307	564
307	339
307	318
307	493
307	436
307	438
307	571
307	535
307	591
307	381
307	380
307	344
307	462
307	382
307	408
307	357
307	411
307	503
307	356
307	323
307	385
307	358
307	469
307	599
307	350
307	361
307	325
307	387
307	414
307	608
307	555
307	600
307	509
307	473
307	603
307	309
307	480
307	610
307	391
307	308
308	443
308	380
308	587
308	391
308	500
308	524
308	385
308	386
308	527
308	387
308	365
308	313
308	322
308	314
308	600
308	472
308	328
308	373
308	413
309	412
309	599
309	387
309	330
309	317
309	372
309	384
309	313
309	514
309	474
309	480
309	603
309	359
309	462
309	488
309	367
309	414
310	510
311	356
311	331
311	599
311	373
312	405
312	317
312	555
312	318
312	483
312	457
312	368
312	606
312	414
312	387
312	610
312	514
312	351
312	469
312	352
312	380
312	325
312	474
312	313
313	603
313	489
313	517
313	600
313	325
313	381
313	324
313	380
313	493
313	577
313	520
313	414
313	555
313	328
313	554
313	469
313	391
313	580
313	474
313	332
313	416
313	422
313	365
313	448
313	314
313	532
313	483
313	398
313	453
313	368
313	317
313	599
313	372
313	428
313	322
314	331
314	541
314	402
314	414
314	372
314	337
314	373
314	483
314	411
314	386
314	387
314	325
314	592
314	385
314	323
314	489
314	603
314	353
315	571
315	414
315	555
315	385
315	469
315	325
316	356
317	434
317	599
317	428
317	391
317	591
317	387
317	381
317	551
317	380
317	414
317	490
317	489
317	332
317	408
317	448
317	483
317	365
317	369
317	328
317	368
317	610
317	326
317	325
317	474
317	603
317	318
318	325
318	331
318	474
318	517
318	328
318	426
318	356
318	599
318	357
318	339
318	425
318	361
318	477
318	606
318	448
318	365
318	408
318	346
318	509
318	414
318	483
318	610
318	387
318	608
318	322
318	462
318	418
318	380
318	391
318	326
318	489
318	590
318	324
318	352
318	495
320	380
320	368
321	373
321	330
321	353
322	332
322	448
322	599
322	428
322	347
322	387
322	345
322	343
322	340
323	353
323	349
323	352
323	325
323	436
323	474
323	404
323	446
324	325
324	480
324	590
324	599
324	414
325	610
325	371
325	580
325	442
325	414
325	368
325	383
325	337
325	590
325	380
325	336
325	391
325	599
325	500
325	499
325	597
325	387
325	469
325	346
325	555
325	357
325	345
325	428
325	464
325	606
325	479
325	352
325	603
325	392
325	474
326	414
326	608
326	343
326	361
326	474
326	365
326	600
326	419
326	351
326	387
326	390
326	339
326	480
327	525
327	554
328	522
328	408
328	462
328	413
328	469
328	534
328	586
328	587
328	536
328	474
328	567
328	476
328	506
328	329
328	391
328	599
328	330
328	448
328	331
328	509
328	332
328	603
328	339
328	401
328	517
328	365
328	342
328	483
329	520
330	373
330	368
330	383
330	480
330	332
330	474
330	387
330	341
330	420
331	474
331	332
331	428
331	573
331	387
331	365
331	430
331	509
331	586
331	408
331	561
331	391
331	353
331	352
331	357
331	414
331	356
331	445
331	525
331	381
331	489
331	432
331	448
331	517
332	356
332	414
332	380
332	387
332	573
332	490
332	448
332	336
332	508
332	339
332	480
332	474
332	469
332	599
332	520
333	603
333	480
333	368
333	367
334	448
334	600
334	376
334	380
334	351
334	414
334	391
335	350
335	480
336	337
336	339
337	339
337	470
337	385
337	346
337	410
337	389
337	350
339	484
339	414
339	525
339	351
339	350
339	353
339	381
339	352
339	380
339	354
339	561
339	359
339	580
339	362
339	567
339	610
339	365
339	448
340	347
341	365
341	483
341	386
342	351
342	422
342	383
342	409
342	414
342	368
342	608
342	392
343	480
343	474
343	380
343	497
343	454
344	517
344	391
344	365
344	409
345	440
345	380
345	357
345	414
345	385
345	469
346	603
346	389
346	409
346	387
346	359
346	357
346	514
346	599
346	552
346	477
346	474
346	372
346	606
346	414
347	349
347	353
347	357
348	590
348	381
349	438
349	368
349	351
350	354
350	359
350	474
350	411
350	448
350	414
351	599
351	425
351	380
351	454
351	555
351	560
351	357
351	358
352	390
352	420
352	509
352	356
352	412
352	358
352	469
352	414
352	462
352	490
352	380
352	599
352	448
352	590
352	495
352	560
352	608
352	362
352	474
352	610
352	475
353	500
353	559
353	381
353	402
353	474
353	368
353	362
353	372
353	602
353	364
354	372
354	387
354	542
354	438
354	380
355	368
355	367
356	365
356	474
356	596
356	506
356	414
356	448
356	599
356	526
356	462
356	606
356	358
356	359
357	367
357	428
357	448
357	373
357	563
357	495
357	469
357	382
357	381
357	410
357	380
357	606
357	477
357	603
357	422
357	474
357	510
357	509
358	483
358	414
358	380
359	380
359	391
359	385
359	387
359	414
359	514
359	365
359	436
360	368
361	414
361	387
361	363
361	599
361	365
361	600
362	599
362	368
362	610
363	370
364	389
365	416
365	471
365	381
365	387
365	380
365	413
365	496
365	610
365	408
365	525
365	407
365	490
365	482
365	514
365	422
365	448
365	564
365	445
365	534
367	555
367	587
367	469
367	414
367	599
367	410
367	385
367	387
367	474
367	603
367	372
368	597
368	386
368	387
368	527
368	380
368	555
368	599
368	381
368	409
368	489
368	514
368	383
368	411
368	391
368	412
368	448
368	517
368	414
368	422
368	546
368	372
368	547
368	541
368	481
368	577
368	474
368	403
368	580
368	608
368	479
368	603
368	437
368	465
368	605
368	510
368	467
368	469
368	552
368	385
369	480
369	547
369	414
369	599
369	469
369	570
369	489
370	497
370	483
370	546
370	434
371	448
372	481
372	474
372	483
372	448
372	597
372	404
372	571
372	599
372	434
372	420
372	607
372	422
372	600
372	414
372	470
372	555
372	603
372	410
372	391
372	411
372	467
372	384
372	373
372	579
372	385
372	387
373	387
373	385
373	428
373	384
373	467
373	395
373	436
373	483
373	404
373	446
373	381
373	380
373	414
373	391
374	529
376	405
377	387
377	414
377	474
377	555
380	387
380	604
380	608
380	453
380	534
380	414
380	606
380	610
380	419
380	408
380	600
380	448
380	525
380	484
380	601
380	567
380	603
380	596
380	480
380	561
380	477
380	482
380	599
380	483
380	517
380	509
380	590
380	438
380	474
380	555
380	511
380	428
380	469
380	514
380	430
380	586
380	506
380	580
380	462
380	391
380	427
380	420
380	382
381	428
381	426
381	590
381	425
381	593
381	474
381	386
381	509
381	583
381	414
381	567
381	411
381	563
381	561
381	560
381	492
381	517
381	603
381	599
381	393
381	448
382	438
382	414
382	474
382	384
382	506
382	448
382	427
382	534
382	586
382	480
382	563
383	428
383	474
383	597
383	384
383	387
384	474
384	387
384	391
384	489
384	457
384	414
384	462
384	448
384	555
385	391
385	483
385	603
385	389
385	602
385	411
385	451
385	410
385	409
385	448
385	414
385	437
385	599
385	436
385	395
385	479
385	570
385	610
385	428
385	392
385	517
385	399
385	577
385	386
386	394
386	479
386	391
386	541
386	474
386	536
386	414
386	468
386	411
386	486
386	428
386	402
387	535
387	452
387	490
387	454
387	405
387	545
387	590
387	541
387	445
387	409
387	597
387	500
387	599
387	546
387	410
387	462
387	469
387	412
387	600
387	415
387	603
387	514
387	414
387	517
387	420
387	608
387	555
387	610
387	606
387	474
387	425
387	481
387	477
387	424
387	388
387	480
387	391
387	483
387	525
387	393
387	524
387	428
387	567
387	580
387	484
387	448
387	395
387	487
387	394
387	397
387	489
387	453
387	571
388	600
388	414
389	404
389	402
389	391
390	506
390	448
390	509
390	414
390	432
390	517
391	536
391	500
391	474
391	425
391	607
391	606
391	395
391	603
391	558
391	489
391	597
391	524
391	555
391	599
391	457
391	414
391	409
391	517
391	453
391	480
391	483
391	410
391	448
391	571
391	401
391	428
392	563
392	474
392	448
392	414
393	448
393	567
393	483
393	414
394	485
394	395
394	428
395	605
395	474
395	599
395	428
395	411
395	414
396	502
397	414
397	477
397	464
398	428
399	414
401	487
401	416
401	534
401	525
402	414
402	411
402	437
402	404
402	448
403	590
403	414
404	411
404	602
404	414
405	606
405	435
405	414
405	560
406	428
407	448
408	561
408	414
408	480
408	534
408	509
408	593
408	448
409	474
409	599
409	562
409	448
409	535
409	414
409	462
409	424
410	463
410	558
410	414
410	420
410	469
410	429
410	474
410	528
410	448
410	599
410	597
411	541
411	489
411	566
411	432
411	522
411	414
411	425
411	437
411	436
411	483
411	462
411	438
411	448
411	603
411	451
411	450
411	539
412	575
412	580
412	583
412	481
412	414
412	415
412	448
412	606
412	474
413	517
413	514
413	462
414	491
414	577
414	436
414	567
414	437
414	452
414	527
414	489
414	564
414	453
414	524
414	580
414	525
414	440
414	534
414	492
414	571
414	535
414	493
414	587
414	462
414	503
414	444
414	590
414	572
414	506
414	592
414	573
414	419
414	416
414	505
414	599
414	469
414	422
414	474
414	541
414	597
414	420
414	514
414	602
414	551
414	421
414	515
414	509
414	603
414	473
414	600
414	427
414	483
414	479
414	610
414	480
414	606
414	555
414	425
414	481
414	434
414	477
414	552
414	608
414	450
414	517
414	609
414	487
414	605
414	432
414	451
414	558
414	428
414	522
414	484
414	563
414	578
414	448
414	559
414	560
414	438
414	490
414	454
415	448
415	469
416	425
416	428
416	489
416	448
416	517
416	483
416	549
417	599
418	490
419	525
419	501
419	448
419	480
420	422
420	474
420	547
420	428
420	448
420	425
420	438
420	462
420	464
420	445
421	608
421	597
421	460
422	474
422	571
422	480
422	434
422	603
422	608
422	477
422	606
422	469
422	497
422	431
422	555
422	599
422	552
422	590
422	448
423	428
423	600
424	599
424	600
424	560
425	438
425	437
425	488
425	561
425	446
425	462
425	590
425	599
425	434
425	448
425	600
426	438
426	514
426	448
426	449
426	489
426	543
427	480
427	593
427	558
427	438
427	428
427	430
428	596
428	510
428	597
428	483
428	598
428	448
428	599
428	593
428	500
428	474
428	446
428	561
428	590
428	469
428	528
428	559
428	608
428	580
428	438
428	610
428	555
428	520
428	462
428	457
428	458
428	430
428	517
428	459
428	603
429	541
429	600
430	479
430	445
431	597
431	599
432	448
432	436
432	480
432	600
432	474
432	580
432	482
432	603
433	561
434	469
434	600
434	444
434	436
434	593
434	493
434	453
434	489
434	479
434	451
434	477
434	474
434	525
435	438
436	444
436	474
436	447
436	443
436	599
436	501
436	458
436	608
436	541
437	489
437	446
437	501
437	594
437	470
437	555
437	600
437	474
437	480
437	438
437	448
438	509
438	478
438	477
438	446
438	573
438	489
438	599
438	445
438	563
438	584
438	610
438	555
438	482
438	608
438	480
438	579
438	484
438	448
438	525
438	453
438	603
438	474
438	606
440	474
440	448
440	555
442	603
442	572
443	468
444	451
444	462
444	446
445	483
445	567
445	477
445	603
445	469
445	462
445	464
445	489
446	447
446	485
446	599
446	530
446	448
446	449
446	455
446	480
447	474
447	462
448	519
448	572
448	576
448	537
448	487
448	577
448	451
448	452
448	453
448	560
448	580
448	561
448	582
448	563
448	509
448	552
448	583
448	564
448	510
448	600
448	474
448	529
448	496
448	555
448	567
448	603
448	477
448	558
448	479
448	534
448	606
448	464
448	535
448	489
448	465
448	524
448	525
448	546
448	456
448	527
448	493
448	457
448	469
448	596
448	470
448	495
448	597
448	514
448	480
448	460
448	551
448	599
448	608
448	482
448	462
448	517
448	483
448	610
448	590
449	497
449	490
449	468
450	522
450	608
451	480
451	489
451	456
451	469
451	470
452	469
452	458
452	524
452	474
453	509
453	610
453	542
453	474
453	483
453	599
453	480
453	597
453	489
453	603
453	469
453	600
454	551
454	567
454	603
454	474
454	599
455	514
456	458
456	492
456	470
457	575
457	479
457	600
457	552
457	567
458	476
458	480
458	470
458	492
459	580
460	509
460	610
462	599
462	597
462	610
462	555
462	470
462	603
462	522
462	469
462	606
462	474
462	483
462	480
462	560
462	580
462	567
462	570
462	534
462	590
462	492
462	514
463	474
464	561
464	469
464	490
464	610
464	590
464	483
465	469
465	597
465	474
465	603
465	606
467	572
467	593
468	469
468	600
468	474
469	555
469	554
469	470
469	552
469	603
469	489
469	488
469	580
469	577
469	479
469	576
469	477
469	590
469	476
469	474
469	587
469	572
469	510
469	599
469	484
469	597
469	483
469	596
469	524
469	480
469	520
470	477
470	599
470	578
470	492
470	474
470	600
470	521
470	476
471	560
472	598
473	514
473	610
473	480
473	490
474	523
474	476
474	477
474	482
474	606
474	483
474	607
474	480
474	563
474	560
474	605
474	494
474	610
474	602
474	603
474	492
474	575
474	608
474	531
474	580
474	600
474	493
474	609
474	490
474	488
474	571
474	489
474	577
474	541
474	590
474	546
474	591
474	547
474	500
474	517
474	514
474	587
474	585
474	510
474	511
474	599
474	555
474	527
474	552
474	509
474	597
474	486
474	525
474	566
474	479
474	567
474	504
475	599
475	610
476	501
476	498
476	600
476	480
476	509
476	477
477	580
477	483
477	606
477	481
477	480
477	555
477	527
477	603
477	509
477	524
477	600
477	599
477	479
477	506
477	597
477	591
477	590
477	544
477	514
477	586
477	570
477	610
478	483
478	599
479	489
479	590
479	597
479	599
479	508
479	605
479	606
479	600
479	603
479	514
479	484
479	608
479	555
479	480
479	561
479	495
480	482
480	558
480	603
480	483
480	559
480	484
480	605
480	517
480	485
480	606
480	487
480	536
480	597
480	509
480	542
480	510
480	599
480	588
480	496
480	590
480	531
480	489
480	501
480	522
480	490
480	562
480	580
480	608
480	493
480	610
480	495
480	555
480	600
481	572
481	555
481	599
481	597
481	577
482	560
482	510
482	605
482	590
483	597
483	509
483	599
483	570
483	572
483	600
483	603
483	605
483	516
483	521
483	487
483	489
483	488
483	525
483	491
483	524
483	552
483	531
483	608
483	527
483	555
483	583
483	496
483	492
483	560
483	559
483	564
483	566
483	590
484	590
484	610
484	596
484	599
484	587
484	510
484	506
484	534
485	486
485	536
485	500
485	524
486	501
486	555
487	525
487	561
487	596
487	520
487	600
488	571
489	490
489	498
489	590
489	497
489	517
489	552
489	599
489	563
489	561
489	500
489	603
489	567
489	525
489	600
489	610
489	606
489	510
489	605
489	509
490	525
490	522
490	563
490	560
490	561
490	590
490	599
490	539
490	517
490	514
490	603
490	526
490	610
490	567
490	564
491	551
491	514
491	519
491	610
492	559
492	603
492	599
492	521
492	594
492	544
492	513
492	500
492	501
493	521
493	603
493	599
493	571
494	520
495	534
495	561
495	599
495	517
495	593
495	606
495	525
495	583
496	599
496	514
496	534
496	564
496	552
496	525
497	514
497	599
497	549
498	559
498	501
500	572
500	584
500	509
500	504
500	599
500	552
500	607
500	603
500	576
501	512
501	524
501	521
501	592
501	520
501	605
501	579
501	541
502	510
503	606
503	603
503	509
504	600
504	509
505	610
506	509
506	605
506	580
506	525
506	610
506	567
506	563
508	603
509	599
509	596
509	591
509	590
509	593
509	534
509	582
509	567
509	525
509	524
509	579
509	511
509	563
509	510
509	522
509	561
509	560
509	610
509	605
509	517
509	608
509	514
509	513
510	566
510	599
510	597
510	603
510	531
510	555
510	586
510	532
511	526
512	517
513	555
513	521
514	530
514	555
514	608
514	525
514	551
514	606
514	517
514	600
514	599
514	571
514	596
514	590
514	567
514	537
514	610
515	599
516	599
517	589
517	528
517	599
517	542
517	593
517	605
517	603
517	567
517	600
517	610
517	525
517	524
517	608
517	580
517	579
517	561
517	560
519	525
520	524
520	527
520	604
520	561
520	584
520	587
521	606
521	604
521	524
521	608
521	561
522	541
522	599
522	525
522	534
522	567
522	555
522	529
524	552
524	599
524	536
524	571
524	566
524	587
524	531
524	525
524	561
525	600
525	563
525	599
525	562
525	561
525	596
525	590
525	542
525	572
525	580
525	534
525	606
525	567
525	603
525	610
526	596
526	560
526	603
527	599
527	537
527	559
527	608
527	600
527	603
527	577
527	590
528	599
529	541
530	597
530	541
531	555
531	534
532	599
532	602
532	577
533	571
534	550
534	599
534	541
534	573
534	561
534	610
534	583
534	567
534	564
535	603
535	599
535	554
535	587
536	600
536	565
536	541
536	599
537	549
537	599
539	555
541	584
541	555
541	580
541	544
541	603
541	602
541	599
541	569
541	566
541	587
541	559
542	580
544	588
544	560
545	577
546	599
546	554
547	599
547	603
549	567
550	555
551	561
551	605
551	601
551	610
551	564
552	590
552	591
552	555
552	599
552	600
552	602
552	603
553	599
554	603
554	575
554	600
554	591
554	555
554	607
555	596
555	599
555	571
555	570
555	587
555	609
555	572
555	589
555	608
555	561
555	590
555	577
555	579
555	600
555	580
555	603
555	566
555	607
555	606
555	593
555	559
555	597
556	563
556	586
558	599
558	610
559	566
559	561
559	608
559	592
560	610
560	606
560	599
560	561
560	590
560	600
560	567
560	580
561	566
561	593
561	564
561	599
561	596
561	586
561	590
561	570
561	577
561	610
561	606
561	604
561	567
562	583
562	610
562	603
563	583
563	564
563	573
564	601
564	610
564	583
564	598
564	567
565	577
566	570
566	592
566	586
566	587
566	588
567	596
567	599
567	610
568	588
569	608
570	604
570	580
570	588
570	572
571	604
571	599
571	577
571	608
572	579
572	603
572	597
572	599
572	589
572	590
573	577
573	605
573	599
575	597
575	600
576	580
577	588
577	580
577	603
577	600
577	599
577	597
578	606
579	591
579	590
579	599
579	608
580	590
580	596
580	584
580	599
580	605
580	606
580	600
580	603
580	608
582	596
582	610
583	610
583	603
584	600
585	603
586	590
586	599
586	592
587	590
587	603
587	605
587	599
588	602
588	603
588	592
588	590
589	599
590	591
590	599
590	596
590	597
590	610
590	603
590	606
590	605
591	608
591	600
592	594
592	597
593	596
594	604
594	600
596	603
596	608
596	610
596	597
596	599
596	606
596	600
597	599
597	606
597	603
597	602
597	601
597	600
597	608
599	605
599	604
599	608
599	606
599	610
599	601
599	600
599	603
599	602
600	605
600	606
600	607
600	608
600	602
600	603
601	603
602	607
602	604
602	603
602	608
603	605
603	607
603	606
603	609
603	608
603	610
604	609
604	610
604	606
605	608
605	607
606	609
606	610
608	609
608	610