1	42	122
1	5	317
1	6	36
1	128	1
1	329	1
1	19	3
1	104	1
1	453	1
1	414	1
1	185	1
1	571	1
1	452	1
1	27	1
1	438	1
2	21	1
2	298	1
3	42	1
4	292	1
4	32	1
4	160	2
4	6	1
4	353	1
4	372	1
4	132	2
4	10	1
4	57	1
4	19	4
4	602	1
4	500	1
4	198	1
4	28	2
4	27	1
4	11	1
4	39	1
4	391	1
4	603	1
4	70	1
4	156	1
4	216	2
4	217	1
4	312	1
4	308	1
4	33	1
4	105	1
4	59	1
4	75	1
4	587	1
4	202	1
4	21	1
4	414	1
4	342	1
4	367	1
4	410	1
4	474	3
4	195	1
4	453	1
4	387	1
4	517	1
4	135	1
5	19	317
5	38	1
5	37	1
5	117	1
5	8	10
6	14	466
6	8	394
6	274	7
6	19	8
6	567	1
6	181	4
6	44	2
6	104	1
6	89	1
6	32	163
6	179	1
6	11	2
6	91	1
6	602	1
6	84	4
6	414	2
6	54	1
6	28	1
6	546	1
6	18	36
6	31	23
6	429	2
6	33	2
6	99	1
6	380	2
6	314	1
6	109	1
6	42	1
6	9	1
6	349	1
6	160	1
6	140	1
6	436	2
6	108	1
6	217	1
6	117	2
6	57	2
6	36	1
6	604	1
6	501	1
6	64	1
6	284	1
6	603	1
6	492	1
6	234	1
6	458	1
6	93	1
7	296	1
7	111	1
7	18	1
7	19	1
7	101	1
7	182	1
7	226	1
7	132	1
7	139	1
7	605	1
7	380	1
7	75	1
7	480	1
8	27	390
8	19	1
8	91	1
8	32	10
8	35	4
9	314	1
9	84	1
9	57	1
9	603	1
9	28	1
9	199	1
9	346	1
9	312	1
9	448	1
9	606	1
9	74	1
10	126	1
10	125	2
10	19	1
10	115	1
10	139	1
10	111	1
10	21	1
10	305	1
10	140	1
10	159	1
10	47	1
10	82	1
10	68	2
10	153	1
10	177	2
10	105	1
10	143	1
10	232	1
10	339	1
10	517	1
11	26	1
11	307	1
11	266	1
11	34	1
11	91	1
13	603	1
13	42	1
13	307	1
13	19	1
13	140	1
13	91	1
14	84	195
14	18	269
14	58	1
14	38	1
14	42	12
14	81	1
14	414	1
14	132	1
14	270	1
15	21	1
15	57	2
15	136	1
15	50	2
15	153	1
15	28	1
15	125	1
15	148	1
15	445	1
15	323	1
15	68	1
15	247	1
15	339	1
15	272	1
15	328	1
15	111	1
15	98	1
16	202	2
16	82	1
16	22	1
16	18	1
16	156	1
16	41	1
17	91	1
18	19	430
18	23	36
18	248	1
18	105	3
18	41	1
18	318	1
18	165	1
18	125	3
18	232	1
18	63	1
18	560	1
18	89	1
18	187	1
18	352	1
18	298	1
18	480	1
18	62	2
18	68	1
18	137	1
18	111	2
18	132	1
18	380	2
18	74	1
18	249	1
18	317	2
18	606	1
18	405	1
18	29	1
18	414	1
18	21	1
18	212	1
18	274	1
18	462	1
18	34	1
18	210	1
19	32	376
19	44	4
19	328	2
19	314	1
19	45	321
19	262	1
19	113	2
19	91	4
19	84	4
19	508	1
19	20	161
19	42	7
19	68	14
19	181	2
19	40	2
19	414	17
19	416	1
19	99	1
19	136	2
19	294	11
19	391	2
19	217	15
19	41	1
19	228	1
19	571	3
19	290	3
19	109	1
19	57	12
19	76	2
19	33	2
19	270	1
19	102	1
19	600	2
19	555	4
19	115	3
19	372	1
19	307	4
19	453	2
19	219	1
19	599	2
19	89	1
19	156	5
19	117	1
19	153	1
19	395	1
19	288	18
19	385	2
19	220	1
19	200	1
19	469	2
19	27	4
19	132	2
19	36	2
19	207	1
19	160	10
19	63	3
19	380	2
19	51	3
19	225	1
19	412	2
19	298	1
19	66	1
19	268	3
19	143	1
19	292	2
19	274	4
19	448	1
19	186	1
19	509	1
19	202	1
19	87	1
19	474	2
19	263	1
19	226	1
19	135	4
19	198	1
19	479	1
19	368	7
19	265	2
19	28	1
19	608	1
19	104	1
19	140	1
19	177	1
19	382	1
19	182	1
19	315	1
19	342	1
19	127	1
19	39	1
19	199	2
19	137	1
19	55	1
19	266	1
19	75	1
19	438	1
19	387	1
19	146	1
19	97	1
19	59	1
19	392	1
19	367	1
19	275	1
19	195	1
20	82	160
20	304	2
20	135	1
20	274	1
20	197	1
20	414	2
20	57	1
20	108	1
20	517	1
20	131	1
20	600	1
20	182	1
20	140	1
20	563	1
20	448	1
20	195	1
20	480	1
20	111	1
20	89	1
20	132	1
20	263	1
20	139	1
20	95	1
20	177	1
20	68	1
20	156	1
21	94	1
21	294	1
21	75	1
21	182	1
21	313	1
21	153	1
21	448	2
21	47	1
21	111	2
21	23	2
21	474	1
21	73	1
21	551	1
21	380	2
21	352	1
21	49	1
21	298	1
21	104	1
21	306	1
21	41	1
21	590	1
21	258	1
21	184	1
21	143	1
21	105	1
21	365	2
21	231	1
21	586	1
21	305	1
21	24	1
21	382	1
21	76	1
21	114	1
21	68	2
21	489	1
21	248	1
21	212	1
21	89	1
21	563	1
21	537	1
21	534	1
21	279	1
22	232	1
22	57	2
22	52	1
22	140	1
22	68	1
22	182	1
22	522	1
22	28	1
22	159	1
22	528	1
22	143	1
22	153	1
23	132	1
23	45	36
23	84	1
23	290	1
23	149	1
23	312	1
23	60	1
23	156	2
23	600	1
23	32	1
23	41	1
23	140	1
23	27	1
23	178	1
23	274	1
23	83	1
23	100	1
23	380	1
23	599	1
23	187	1
23	182	1
23	28	1
24	199	1
24	68	4
24	298	1
24	28	2
24	47	1
24	111	2
24	41	1
25	62	1
25	98	1
26	46	1
27	62	390
27	32	269
27	40	1
27	590	1
27	414	1
27	160	1
27	76	1
27	156	1
27	82	1
27	39	1
27	294	1
27	274	1
27	217	3
27	219	1
27	198	1
27	226	1
27	57	1
27	230	1
27	199	1
27	79	1
27	577	1
27	474	1
27	202	1
27	368	1
27	42	1
27	140	1
27	91	1
28	58	1
28	109	1
28	126	1
28	599	4
28	391	1
28	298	3
28	474	3
28	414	4
28	160	3
28	62	1
28	517	2
28	307	2
28	42	1
28	84	1
28	387	3
28	140	7
28	217	1
28	57	2
28	85	1
28	325	1
28	68	10
28	91	1
28	268	1
28	361	1
28	290	1
28	249	3
28	157	1
28	131	1
28	288	3
28	199	2
28	232	2
28	45	1
28	246	2
28	448	3
28	275	1
28	83	2
28	419	1
28	36	1
28	139	2
28	76	3
28	73	1
28	146	1
28	177	1
28	41	1
28	377	1
28	292	1
28	103	1
28	274	3
28	182	1
28	328	1
28	254	1
28	200	1
28	52	1
28	525	1
28	403	1
28	590	1
28	380	1
28	305	1
28	47	1
28	105	1
28	220	1
29	57	1
29	45	1
29	274	1
29	346	1
30	62	1
31	43	13
31	45	22
31	32	23
31	288	1
31	234	1
32	44	116
32	33	280
32	46	269
32	57	2
32	40	160
32	191	1
32	51	23
32	91	1
32	217	1
32	68	1
32	350	1
32	84	1
32	547	1
33	177	2
33	373	1
33	44	270
33	84	2
33	202	2
33	91	2
33	109	1
33	474	3
33	40	10
33	116	1
33	195	1
33	188	1
33	414	1
33	68	1
33	275	1
33	387	1
33	606	1
33	182	1
33	163	1
33	144	1
33	45	1
33	290	1
33	198	1
33	597	1
33	412	1
34	187	1
34	85	1
34	307	1
34	274	1
34	89	1
34	50	1
34	167	1
34	83	1
34	292	1
34	599	1
34	298	1
35	43	4
36	217	2
36	57	1
36	288	1
36	328	1
36	182	1
36	140	2
36	368	1
36	68	1
36	596	1
36	50	1
37	81	1
38	84	1
38	136	1
38	96	1
38	58	1
38	57	1
38	474	1
38	94	1
38	81	1
38	68	1
39	91	1
39	554	1
39	140	1
39	42	1
39	428	1
39	217	1
39	68	2
39	132	1
39	199	1
39	96	1
39	50	1
40	270	1
40	117	160
40	603	1
40	140	1
40	217	1
40	99	1
40	81	1
40	177	1
40	446	1
40	604	1
40	57	1
40	42	10
41	195	1
41	81	1
41	68	3
41	167	1
41	412	1
41	153	1
41	600	1
41	268	1
41	283	2
41	199	1
41	42	1
41	111	2
41	391	1
41	83	1
41	599	1
41	177	2
41	256	1
41	125	1
41	47	2
41	143	1
41	105	2
41	298	4
41	67	1
41	95	1
41	139	1
41	64	1
41	50	1
41	233	1
41	152	1
41	307	1
41	490	1
41	328	1
41	200	1
41	73	1
41	487	1
41	76	1
41	62	1
42	51	122
42	283	1
42	45	23
42	140	1
42	181	1
42	104	1
42	414	3
42	294	3
42	436	1
42	109	1
42	54	1
42	372	1
42	146	1
42	368	1
42	307	2
42	244	1
42	238	1
42	135	1
42	57	5
42	177	2
42	68	2
42	217	1
42	141	1
42	288	1
42	160	1
42	474	2
42	514	1
42	280	1
42	198	1
42	249	1
42	234	1
42	101	1
42	216	1
42	79	1
42	132	1
42	182	1
42	313	2
42	265	1
42	183	1
42	608	1
42	95	1
42	448	2
42	438	1
42	410	1
42	532	1
43	56	17
44	58	106
44	66	106
44	273	1
44	50	269
44	214	1
44	84	1
44	57	11
44	182	1
44	368	1
44	135	1
45	64	317
45	182	1
45	330	1
45	71	11
45	84	24
45	68	36
45	117	1
45	141	1
45	58	10
45	232	1
45	167	3
45	217	4
45	414	2
45	57	1
45	195	1
45	380	1
45	367	1
45	47	1
45	603	1
45	236	1
45	105	1
45	96	1
45	91	2
45	51	1
45	608	1
45	135	1
45	474	1
45	555	1
45	104	1
45	448	2
45	313	1
45	325	1
46	57	270
47	304	1
47	116	1
47	265	1
47	313	1
47	132	2
47	292	1
47	380	1
47	129	1
47	77	1
47	580	1
47	76	1
47	177	1
47	318	2
47	153	1
47	249	2
47	232	1
47	448	1
47	159	1
47	68	1
47	50	1
47	73	1
47	119	1
47	599	1
47	212	1
47	596	1
47	123	1
47	567	1
48	68	1
49	111	1
50	54	269
50	68	2
50	84	1
50	132	1
50	599	3
50	104	1
50	216	1
50	182	1
50	332	1
50	603	1
50	328	1
50	73	1
50	221	1
50	387	4
50	275	1
50	448	3
50	177	1
50	66	1
50	220	1
50	388	1
50	105	1
50	318	2
50	346	2
50	434	1
50	474	2
50	308	1
50	139	2
50	564	1
50	119	1
50	292	1
50	365	2
50	305	1
50	111	1
50	567	1
50	76	1
50	103	1
50	204	1
50	298	1
50	279	1
50	334	1
50	89	1
51	179	122
51	501	1
51	90	23
51	244	1
51	57	4
51	132	1
51	318	1
51	294	1
51	91	1
51	199	1
51	462	1
51	160	1
51	474	1
51	414	1
51	610	1
51	384	1
51	325	1
51	288	1
51	64	1
52	89	1
52	288	1
52	414	1
52	80	1
52	561	1
52	220	1
52	205	1
52	152	1
54	89	269
54	217	1
55	111	1
55	127	1
56	93	13
56	84	4
57	64	270
57	109	2
57	135	4
57	391	2
57	59	2
57	82	1
57	191	1
57	387	2
57	81	1
57	110	1
57	121	1
57	219	1
57	313	3
57	602	1
57	217	5
57	181	1
57	294	6
57	84	5
57	102	10
57	90	1
57	368	4
57	603	1
57	274	1
57	156	3
57	438	1
57	182	1
57	605	2
57	128	1
57	201	1
57	118	1
57	104	1
57	555	1
57	372	1
57	167	1
57	599	1
57	160	5
57	94	1
57	68	3
57	297	1
57	360	1
57	265	3
57	83	1
57	414	3
57	567	1
57	91	3
57	288	3
57	199	1
57	198	2
57	268	1
57	290	1
57	88	1
57	177	1
57	477	1
57	63	1
57	137	1
57	474	1
57	202	1
57	462	1
58	91	106
58	100	1
58	66	56
58	68	1
58	113	1
58	307	1
58	81	1
59	63	1
59	84	1
59	318	1
59	603	1
59	75	1
59	195	1
59	132	1
59	113	1
60	68	1
62	94	390
62	496	1
62	65	1
62	610	1
62	365	1
62	68	3
62	428	1
62	132	1
62	561	1
62	448	1
62	380	3
62	598	1
62	73	1
62	249	3
62	125	4
62	219	1
62	212	1
62	105	1
62	154	1
62	358	1
62	211	1
62	326	1
62	139	1
62	306	1
62	534	1
62	331	1
62	248	1
62	210	1
62	184	1
62	111	1
62	563	1
62	152	1
62	586	1
63	84	1
63	133	1
63	526	1
63	149	1
63	96	1
63	414	1
63	139	1
63	309	1
63	217	1
63	333	1
63	219	2
63	64	1
63	104	1
63	274	1
63	542	1
63	480	1
63	387	1
63	83	1
63	105	1
64	80	269
64	66	317
64	606	1
64	101	1
64	117	1
64	167	1
64	172	1
64	307	1
64	391	2
64	182	2
64	489	1
64	414	2
64	68	3
64	105	3
64	187	1
64	274	2
64	177	1
64	599	1
64	219	1
65	119	1
65	125	1
65	105	1
65	143	1
66	179	106
66	78	317
66	103	46
66	599	1
66	84	11
66	71	1
66	105	2
66	474	4
66	220	1
66	448	1
66	414	3
66	139	1
66	104	1
66	140	1
66	182	1
66	111	1
66	332	1
67	118	1
67	160	1
67	177	1
68	288	9
68	608	27
68	489	2
68	262	1
68	223	1
68	529	4
68	170	1
68	263	1
68	79	36
68	323	1
68	462	1
68	94	1
68	160	4
68	220	3
68	117	1
68	105	1
68	167	2
68	132	4
68	232	10
68	525	2
68	180	1
68	96	1
68	90	1
68	84	2
68	217	4
68	91	3
68	153	2
68	128	1
68	182	2
68	539	1
68	115	2
68	414	6
68	125	3
68	135	4
68	198	2
68	239	1
68	113	4
68	104	1
68	474	6
68	509	2
68	172	1
68	313	3
68	177	4
68	517	3
68	274	5
68	275	3
68	307	4
68	448	7
68	412	1
68	89	4
68	187	4
68	268	1
68	255	1
68	294	2
68	222	1
68	185	1
68	600	2
68	265	2
68	131	1
68	159	1
68	292	1
68	285	1
68	387	3
68	599	2
68	140	5
68	324	1
68	111	3
68	428	1
68	352	1
68	392	1
68	186	1
68	298	5
68	552	1
68	74	1
68	219	2
68	139	2
68	390	1
68	473	1
68	256	1
68	82	1
68	477	1
68	169	1
68	326	1
68	247	1
68	200	2
68	226	1
68	433	1
68	260	1
68	380	2
68	279	1
68	254	1
68	227	1
68	365	1
68	328	1
68	318	2
68	73	1
68	212	1
68	213	1
68	249	1
68	405	1
68	152	1
68	369	1
68	306	1
68	282	1
68	210	1
68	438	1
70	221	1
70	290	1
70	414	1
71	94	1
71	307	1
71	84	11
71	78	1
71	140	1
71	392	1
71	217	1
73	136	1
73	132	1
73	563	1
73	89	2
73	414	1
73	152	1
73	249	1
73	226	1
73	177	1
73	600	1
73	305	1
73	111	3
73	567	2
73	288	1
73	448	1
73	105	1
73	365	1
73	119	1
73	98	1
74	285	1
74	84	2
74	156	1
74	599	1
74	202	1
74	339	1
74	275	1
74	438	1
74	606	1
74	95	1
74	182	1
74	387	2
74	221	2
74	474	2
74	140	2
74	152	1
74	414	1
74	253	1
74	249	1
75	108	1
75	94	1
75	411	1
75	546	1
75	139	1
75	140	1
75	307	1
75	416	1
75	219	1
75	292	1
75	221	1
76	160	1
76	308	1
76	247	1
76	116	1
76	83	1
76	82	1
76	317	1
76	182	1
76	416	1
76	105	3
76	232	1
76	261	1
76	141	1
76	125	1
76	119	1
77	328	1
77	292	1
77	111	1
78	86	317
78	133	1
78	279	1
78	160	2
78	368	1
78	474	1
78	561	1
78	91	1
79	84	36
79	217	1
79	140	1
79	414	1
79	274	1
80	90	269
80	306	1
80	305	1
80	292	1
80	111	1
80	380	1
80	105	1
80	123	1
80	103	1
80	211	1
81	160	1
81	191	1
81	126	2
81	187	1
81	304	1
81	330	1
81	134	1
81	130	1
82	91	161
82	431	1
82	197	1
82	160	1
82	201	1
82	427	1
82	266	1
82	96	1
82	111	1
82	288	1
82	226	1
82	414	1
82	534	1
82	438	1
82	177	1
83	368	1
83	533	1
83	163	1
83	268	1
83	217	1
83	132	2
83	105	1
83	209	1
83	489	1
83	219	1
83	307	1
83	509	1
83	232	1
84	162	195
84	262	1
84	182	1
84	117	24
84	94	1
84	109	5
84	294	2
84	603	3
84	95	11
84	181	4
84	105	37
84	458	1
84	437	1
84	445	1
84	606	1
84	217	2
84	195	1
84	91	10
84	385	2
84	207	1
84	140	1
84	412	1
84	275	2
84	201	1
84	100	6
84	474	4
84	221	2
84	177	2
84	288	1
84	113	1
84	202	5
84	156	1
84	245	1
84	263	1
84	414	2
84	342	1
84	199	1
84	98	1
84	555	1
85	199	1
85	275	1
85	160	1
85	135	1
85	603	1
85	182	1
86	91	317
87	167	1
87	105	1
88	89	1
89	90	269
89	414	2
89	219	1
89	275	1
89	137	1
89	303	1
89	283	1
89	572	1
89	255	1
89	91	1
89	382	1
89	217	4
89	483	1
89	135	1
89	519	1
89	119	1
89	182	1
89	232	5
89	380	2
89	308	1
89	480	1
89	111	1
89	248	1
89	298	3
89	249	1
89	306	1
89	448	2
89	522	1
89	509	1
90	93	269
90	91	269
90	385	1
90	117	23
90	596	2
90	262	1
90	414	1
90	283	1
90	307	1
91	117	107
91	95	270
91	103	318
91	132	1
91	414	6
91	104	160
91	490	1
91	597	1
91	110	1
91	262	1
91	294	3
91	500	1
91	234	1
91	115	10
91	150	1
91	160	3
91	137	1
91	116	1
91	288	1
91	571	1
91	177	1
91	217	4
91	230	1
91	266	2
91	232	1
91	186	1
91	127	1
91	156	1
91	245	1
91	153	1
91	183	1
91	474	3
91	368	2
91	325	1
91	182	1
91	219	1
91	100	1
91	405	1
91	372	1
91	274	2
91	140	2
91	599	1
91	298	1
91	199	1
91	387	1
91	380	1
91	606	1
91	483	1
92	288	1
93	112	269
93	99	13
93	284	1
93	217	1
94	103	390
94	266	1
94	156	1
94	121	1
94	104	1
94	126	1
94	181	1
94	160	1
94	113	1
95	109	269
95	275	1
95	150	11
95	199	1
95	599	1
95	195	1
95	387	1
95	298	2
95	182	1
95	474	1
95	438	1
95	312	1
95	187	1
95	140	1
95	348	1
96	136	1
96	603	1
96	508	1
96	160	1
96	156	2
96	108	1
96	140	1
96	100	1
96	368	1
97	238	1
97	202	1
98	217	1
98	153	2
98	125	1
98	318	1
98	306	1
98	305	2
99	119	13
99	136	1
99	604	22
99	372	1
99	191	1
99	294	1
99	429	1
100	139	2
100	309	1
100	109	4
100	608	1
100	313	1
100	288	1
101	372	1
101	203	1
101	603	1
101	412	1
101	267	1
101	422	1
101	414	1
101	219	1
102	297	1
102	109	10
103	122	391
103	107	363
103	265	1
103	306	1
103	305	1
103	132	1
103	381	1
103	199	1
103	218	1
103	177	2
103	249	1
103	119	1
103	326	1
103	247	1
103	564	1
103	382	1
103	141	1
104	217	1
104	308	1
104	117	161
104	181	1
104	554	1
104	517	1
104	124	1
104	156	1
104	234	1
104	177	2
104	414	2
104	182	1
104	232	1
104	105	1
104	474	1
104	226	1
104	220	1
104	489	1
104	590	1
104	438	1
104	356	1
104	563	1
104	448	1
104	318	1
105	509	1
105	150	36
105	119	1
105	156	1
105	188	1
105	263	1
105	249	4
105	372	1
105	318	6
105	200	3
105	346	1
105	462	1
105	391	1
105	275	1
105	182	2
105	146	1
105	122	1
105	140	2
105	125	2
105	534	1
105	137	1
105	324	1
105	397	1
105	307	1
105	448	1
105	387	2
105	222	1
105	606	1
105	274	1
105	177	3
105	226	2
105	153	1
105	380	2
105	158	1
105	298	1
105	159	1
105	212	2
105	152	1
106	152	1
107	121	317
107	120	46
108	606	2
108	117	1
108	140	3
108	202	1
108	438	1
108	414	3
108	263	1
109	133	269
109	120	1
109	318	1
109	117	17
109	195	1
109	121	1
109	532	1
109	147	1
109	202	2
109	602	1
109	162	1
109	385	1
109	181	2
109	380	1
109	182	1
110	314	1
110	160	1
110	156	1
110	221	1
111	365	1
111	600	1
111	307	1
111	448	1
111	187	1
111	153	2
111	586	1
111	474	1
111	140	3
111	198	1
111	226	1
111	279	2
111	601	1
111	232	6
111	212	2
111	132	1
111	414	3
111	298	4
111	143	2
111	438	2
111	564	2
111	165	1
111	596	1
111	354	1
111	331	1
111	380	1
111	249	5
111	274	3
111	306	1
111	125	2
111	464	1
111	139	1
111	517	1
111	141	1
111	563	1
111	233	1
111	184	1
111	247	1
111	177	1
111	509	1
111	210	1
112	130	269
113	181	1
113	474	2
113	162	1
113	174	1
113	168	1
113	414	1
113	216	1
113	160	3
113	448	2
113	156	2
113	368	1
113	198	2
113	309	1
113	222	1
113	603	1
113	140	2
113	294	1
113	597	1
113	266	1
113	182	1
113	288	2
113	217	1
113	202	1
113	221	1
113	246	1
113	186	1
113	342	1
113	479	1
113	599	1
113	313	1
114	298	1
115	372	1
115	288	2
115	117	10
115	270	1
115	160	2
115	199	1
115	232	1
115	236	1
115	409	1
115	255	1
115	183	1
116	160	1
116	380	1
116	140	1
116	135	1
116	303	1
117	150	106
117	304	1
117	135	160
117	182	160
117	144	1
117	268	1
117	181	11
117	121	27
117	372	2
117	188	23
117	240	1
117	488	1
117	133	2
117	265	1
117	385	1
117	140	10
117	199	1
117	151	1
117	414	1
117	269	1
117	288	1
117	448	1
118	132	1
118	288	1
118	160	1
119	178	13
119	232	1
119	140	1
119	125	1
119	143	1
119	483	1
119	495	1
119	249	1
119	212	1
119	408	1
119	190	1
119	227	1
119	256	1
119	307	1
119	210	1
119	221	1
120	314	1
120	200	46
120	169	1
120	474	1
120	458	1
121	124	317
121	373	1
121	140	5
121	150	22
121	262	1
121	517	1
121	133	1
122	125	391
122	517	1
122	249	2
122	215	1
122	318	1
123	177	1
123	414	1
124	135	317
124	177	1
124	448	1
125	160	390
125	252	1
125	199	1
125	288	1
125	212	1
125	248	1
125	414	2
125	241	1
125	298	4
125	448	2
125	177	2
125	249	6
125	603	1
125	318	2
125	182	1
125	380	4
125	184	1
125	317	1
125	210	1
125	305	1
125	339	1
125	511	1
125	139	1
125	495	1
125	279	1
125	408	1
126	187	1
126	485	1
126	266	1
126	136	2
126	174	1
126	191	1
127	199	1
127	265	1
127	140	1
127	217	2
127	161	1
127	255	1
127	326	1
128	590	1
128	600	1
128	305	1
128	140	1
129	484	1
129	288	1
130	134	269
130	133	1
130	230	1
130	178	1
131	599	1
131	480	2
131	469	1
131	416	1
132	153	135
132	602	1
132	427	2
132	274	2
132	177	3
132	224	1
132	181	1
132	474	3
132	245	1
132	315	1
132	216	2
132	149	1
132	297	1
132	288	1
132	414	5
132	487	1
132	199	1
132	275	2
132	230	1
132	217	2
132	279	1
132	140	2
132	160	1
132	294	1
132	331	1
132	307	3
132	344	1
132	367	1
132	391	1
132	603	1
132	346	2
132	161	1
132	182	2
132	222	1
132	232	1
132	504	1
132	190	2
132	438	1
132	489	1
132	608	1
132	528	1
132	233	1
132	282	1
132	509	1
133	144	269
133	135	2
133	202	1
133	226	2
133	411	1
134	140	269
134	181	1
135	137	317
135	217	4
135	144	160
135	191	1
135	181	1
135	428	1
135	294	3
135	177	2
135	140	1
135	160	7
135	149	2
135	288	2
135	219	1
135	301	1
135	368	2
135	307	1
135	202	1
135	304	1
135	216	1
135	312	1
135	290	1
135	199	1
135	596	1
135	380	1
135	226	1
135	165	1
135	387	1
135	182	1
135	391	1
136	191	1
136	373	2
136	181	1
136	160	4
136	438	1
136	294	1
136	173	1
136	372	1
136	140	1
136	223	1
136	414	1
137	141	317
137	492	1
137	156	4
137	199	1
137	182	2
137	290	1
137	599	1
137	140	1
137	177	1
139	217	1
139	219	1
139	317	1
139	298	5
139	307	1
139	610	1
139	462	1
139	414	1
139	590	1
139	479	1
139	198	1
139	140	1
139	495	1
139	561	3
139	448	1
139	187	2
139	177	2
139	438	1
139	542	2
139	274	2
139	517	1
139	339	1
139	567	1
139	365	1
139	226	1
139	327	1
139	141	1
139	525	1
139	305	1
139	318	1
140	155	270
140	217	3
140	414	6
140	177	4
140	244	2
140	181	1
140	142	1
140	302	1
140	191	10
140	226	1
140	276	1
140	232	7
140	288	6
140	153	1
140	169	5
140	195	1
140	326	1
140	202	4
140	372	1
140	481	1
140	298	1
140	352	1
140	156	4
140	188	1
140	275	2
140	348	1
140	422	2
140	448	2
140	182	10
140	282	1
140	535	1
140	198	2
140	290	1
140	367	1
140	263	2
140	368	1
140	603	3
140	265	2
140	285	2
140	508	1
140	453	2
140	555	1
140	331	2
140	415	1
140	462	1
140	219	1
140	426	1
140	186	2
140	274	3
140	313	1
140	325	1
140	606	1
140	391	1
140	165	2
140	427	2
140	479	1
140	509	1
140	213	1
140	474	2
140	599	2
140	196	1
140	480	1
140	590	1
140	230	1
140	380	1
140	254	1
140	141	1
141	156	317
141	165	1
141	167	1
141	317	1
141	232	2
141	159	1
141	298	1
141	148	1
141	274	1
141	288	1
142	195	1
143	155	1
143	177	1
143	534	1
143	313	1
143	275	1
143	274	1
143	255	1
143	210	1
143	182	1
143	298	2
143	280	1
143	509	1
143	525	1
143	232	1
143	159	1
144	149	269
144	226	160
144	170	1
144	156	1
146	288	1
146	573	1
146	200	1
146	160	1
146	199	1
146	177	1
147	174	1
148	193	1
148	322	1
148	212	1
148	401	1
149	166	269
149	160	5
149	592	1
149	187	1
149	297	1
149	288	1
149	416	1
149	372	1
149	424	1
149	479	2
149	328	1
149	217	1
150	151	106
150	179	11
150	170	22
150	191	36
150	214	1
151	270	106
151	456	19
151	277	1
151	374	1
151	182	1
152	274	1
152	199	1
152	462	1
152	393	1
152	326	1
152	380	1
152	317	1
152	219	1
152	232	1
153	193	134
153	217	44
153	222	1
153	157	1
153	381	1
153	159	1
153	247	1
153	160	1
153	313	1
153	330	1
153	198	1
153	428	1
153	356	1
153	305	1
153	606	1
153	593	1
153	167	1
153	522	1
153	233	1
153	308	1
153	298	1
153	497	1
153	503	1
153	177	1
153	261	1
154	339	1
155	214	269
155	216	1
155	217	1
155	158	1
155	199	1
156	160	319
156	191	1
156	600	2
156	288	7
156	171	1
156	469	1
156	318	1
156	357	1
156	372	1
156	217	6
156	474	3
156	292	1
156	332	1
156	317	1
156	172	1
156	385	1
156	165	1
156	414	3
156	177	2
156	266	1
156	387	2
156	368	1
156	590	2
156	215	1
156	166	1
156	313	1
156	216	4
156	244	1
156	268	1
156	175	1
156	265	1
156	294	1
156	309	1
156	462	1
156	274	1
156	517	1
156	226	1
156	587	1
156	409	1
156	221	1
156	256	1
156	603	1
156	232	1
156	606	3
156	356	1
157	233	1
157	474	1
157	169	1
158	246	1
158	217	1
158	182	1
158	274	2
158	249	1
159	274	1
159	212	1
159	391	1
159	357	1
159	298	3
159	288	1
159	534	1
159	480	2
159	249	1
159	219	1
159	317	1
159	496	1
159	177	1
159	351	1
159	464	1
160	169	390
160	217	14
160	161	317
160	297	3
160	288	11
160	373	1
160	284	1
160	480	1
160	386	1
160	588	1
160	294	8
160	308	2
160	234	4
160	202	1
160	368	3
160	307	3
160	262	2
160	193	1
160	385	1
160	287	2
160	560	1
160	597	2
160	244	1
160	219	3
160	247	1
160	290	2
160	199	1
160	167	3
160	326	1
160	313	2
160	325	2
160	603	2
160	168	1
160	266	4
160	483	1
160	230	1
160	200	1
160	292	1
160	600	4
160	391	4
160	187	2
160	387	2
160	360	1
160	208	1
160	268	1
160	396	1
160	163	1
160	198	3
160	254	1
160	571	2
160	406	1
160	449	1
160	195	1
160	222	1
160	414	1
160	265	1
160	384	1
160	555	1
160	216	1
160	177	3
160	432	1
160	591	1
160	517	1
160	298	1
160	218	1
160	333	1
160	182	2
160	448	1
160	279	1
160	428	1
161	178	317
161	325	1
161	186	1
162	170	1
162	321	1
163	414	2
163	391	1
163	600	1
165	216	1
165	217	1
165	187	1
165	167	1
165	275	1
165	425	1
165	599	1
165	438	1
165	288	1
166	179	269
166	198	1
166	173	1
166	380	1
167	273	1
167	275	1
167	283	1
167	198	1
167	186	1
167	368	1
167	182	1
167	469	1
167	217	1
167	195	1
167	448	1
167	313	1
167	215	1
167	474	1
167	288	1
167	187	1
167	298	1
167	477	1
167	178	1
168	294	1
168	268	1
169	186	390
169	181	1
169	177	1
169	199	4
169	554	1
169	288	1
169	453	1
169	414	2
169	298	1
170	173	1
170	314	1
170	373	1
170	181	22
170	517	1
171	588	1
172	288	2
172	217	1
172	226	1
173	174	1
173	314	1
173	182	1
174	199	1
174	232	1
174	182	1
174	603	1
174	217	1
175	177	1
177	257	1
177	602	1
177	385	1
177	373	1
177	294	7
177	448	5
177	217	3
177	605	1
177	188	1
177	212	2
177	489	2
177	600	1
177	267	1
177	597	1
177	387	3
177	222	2
177	603	1
177	260	3
177	488	1
177	182	2
177	410	1
177	234	1
177	232	12
177	198	2
177	332	1
177	474	4
177	477	1
177	288	5
177	469	1
177	274	6
177	525	1
177	220	1
177	263	1
177	315	1
177	216	2
177	346	1
177	479	1
177	368	1
177	249	3
177	345	1
177	200	2
177	318	2
177	307	2
177	517	1
177	608	1
177	293	2
177	298	4
177	427	1
177	426	1
177	219	1
177	305	2
177	563	3
177	606	1
177	282	1
177	414	5
177	462	1
177	365	2
177	223	1
177	252	1
177	482	1
177	317	2
177	237	1
177	292	2
177	509	1
177	381	1
177	226	1
177	484	1
177	211	1
177	382	1
177	405	1
177	334	1
178	179	317
178	186	13
178	230	1
178	184	1
179	380	106
179	240	122
179	182	586
179	181	11
179	492	1
179	217	2
180	217	1
181	265	3
181	492	1
181	217	6
181	297	2
181	290	1
181	208	1
181	199	11
181	229	23
181	436	1
181	191	1
181	368	1
181	536	1
181	476	1
181	187	1
181	448	1
181	386	1
181	288	1
181	414	1
181	270	10
181	276	1
182	195	270
182	185	317
182	353	1
182	414	10
182	191	1
182	314	160
182	235	1
182	368	2
182	217	7
182	202	3
182	219	4
182	260	2
182	290	1
182	257	1
182	603	3
182	453	1
182	325	4
182	298	3
182	342	1
182	313	1
182	270	1
182	245	1
182	268	1
182	199	4
182	206	1
182	560	1
182	448	3
182	312	1
182	183	1
182	469	1
182	288	4
182	238	1
182	480	2
182	324	1
182	216	2
182	275	2
182	410	2
182	599	2
182	606	1
182	198	2
182	474	4
182	318	1
182	608	1
182	274	1
182	344	1
182	232	1
182	387	3
182	483	1
182	330	1
182	479	1
182	552	1
182	331	1
182	434	1
182	221	1
182	356	1
182	263	1
183	217	3
183	368	2
183	186	1
183	298	1
183	202	2
183	199	1
183	275	1
184	380	2
184	474	1
184	305	3
184	414	1
184	232	1
184	212	3
184	514	1
184	448	2
184	567	1
184	318	1
185	186	317
185	414	1
185	358	1
185	325	1
185	290	1
185	247	1
185	387	1
185	380	1
186	202	391
186	191	317
186	195	13
186	474	2
186	216	1
186	414	3
186	288	2
186	380	1
186	274	1
186	603	1
186	313	1
187	317	1
187	282	1
187	199	2
187	208	1
187	480	1
187	202	1
187	198	1
187	307	1
187	233	2
187	246	1
187	219	1
187	414	5
187	357	1
187	387	2
187	241	1
187	462	2
187	200	1
187	218	1
187	298	1
187	331	1
187	274	2
187	590	1
187	474	1
187	308	1
187	610	1
187	232	1
187	227	1
188	206	23
188	517	1
188	275	1
188	199	2
188	488	1
188	202	2
188	474	1
188	268	1
190	249	2
190	219	1
191	202	317
191	283	1
191	414	1
191	385	1
191	270	1
191	230	1
191	437	1
191	373	1
191	235	1
191	600	1
191	195	36
191	603	1
191	244	1
191	368	1
191	294	1
191	308	1
191	199	11
193	266	134
193	264	1
193	216	1
195	201	269
195	202	15
195	292	1
195	262	1
195	199	36
195	372	4
195	266	2
195	275	2
195	325	1
195	198	1
195	260	2
195	222	1
195	422	1
195	217	1
195	244	1
195	216	1
195	414	1
195	320	1
195	249	1
196	292	1
196	463	1
196	354	1
197	217	2
197	274	1
198	255	1
198	265	2
198	372	1
198	199	2
198	260	1
198	212	1
198	219	2
198	202	1
198	339	1
198	414	2
198	288	2
198	358	1
198	489	1
198	275	1
198	217	1
198	268	1
198	230	1
198	226	2
198	249	1
198	285	1
198	391	2
198	234	1
198	525	1
198	474	1
198	603	1
198	462	1
198	272	1
198	263	1
199	603	2
199	353	1
199	262	11
199	266	37
199	217	4
199	411	1
199	602	1
199	294	1
199	566	1
199	229	10
199	599	4
199	368	3
199	274	1
199	414	5
199	597	1
199	268	1
199	474	4
199	201	4
199	247	2
199	298	1
199	202	2
199	428	1
199	605	1
199	307	1
199	218	1
199	332	3
199	231	1
199	275	1
199	462	1
199	216	2
199	288	4
199	434	1
199	397	1
199	325	1
199	245	1
199	219	1
199	292	1
199	333	1
199	221	1
199	263	1
199	318	1
199	241	1
199	249	1
199	380	1
199	317	1
199	233	1
200	337	46
200	380	2
200	232	2
200	274	2
200	325	2
200	263	2
200	307	2
200	426	1
200	414	1
200	222	1
200	381	1
200	567	1
200	599	1
201	202	274
201	268	1
201	599	1
201	275	1
201	414	1
202	232	390
202	226	269
202	217	335
202	391	1
202	301	1
202	602	1
202	385	3
202	353	1
202	603	2
202	229	1
202	555	3
202	368	4
202	219	1
202	346	1
202	372	1
202	265	1
202	235	4
202	222	1
202	325	2
202	216	2
202	275	1
202	288	6
202	571	1
202	286	1
202	462	1
202	260	1
202	387	2
202	597	1
202	274	2
202	322	1
202	414	5
202	384	1
202	474	1
202	221	2
202	203	1
202	318	1
202	352	1
202	606	1
202	587	2
202	290	1
202	332	1
202	238	1
202	465	1
202	469	1
203	294	1
203	284	1
203	217	1
203	247	1
204	288	1
204	330	1
204	560	1
205	408	1
206	276	23
206	302	1
207	219	1
208	217	2
208	235	1
208	221	1
209	378	1
210	325	1
210	534	1
210	474	1
210	298	1
210	212	1
210	249	1
210	292	1
210	219	1
210	222	1
211	448	1
211	232	1
211	222	1
212	287	1
212	246	1
212	306	1
212	298	4
212	380	5
212	448	2
212	274	1
212	318	3
212	525	2
212	249	1
212	414	1
212	483	1
212	426	1
212	241	1
212	279	3
212	233	1
212	305	1
212	567	1
212	418	1
212	232	1
212	381	1
212	482	1
213	414	1
213	387	1
214	216	269
214	492	1
214	270	1
214	265	1
215	342	1
215	221	1
215	367	1
216	233	269
216	225	1
216	474	2
216	517	1
216	469	3
216	409	3
216	298	1
216	462	2
216	217	3
216	292	1
216	266	3
216	387	1
216	288	2
216	448	1
216	274	1
216	268	1
216	355	1
216	325	1
216	422	1
216	275	1
216	346	1
217	259	44
217	294	25
217	308	2
217	239	317
217	266	2
217	220	13
217	219	3
217	274	4
217	411	1
217	307	3
217	262	1
217	414	12
217	474	7
217	368	16
217	237	1
217	606	2
217	314	1
217	385	3
217	448	3
217	489	1
217	273	1
217	391	1
217	387	3
217	328	1
217	297	1
217	270	3
217	288	28
217	263	1
217	555	3
217	245	2
217	600	1
217	492	1
217	603	4
217	247	1
217	234	2
217	224	1
217	238	1
217	315	3
217	225	1
217	372	2
217	599	4
217	590	1
217	597	2
217	361	3
217	360	1
217	481	1
217	271	1
217	232	1
217	249	1
217	325	3
217	221	1
217	313	2
217	430	1
217	469	3
217	226	3
217	268	2
217	265	1
217	428	1
217	438	1
217	384	1
217	514	1
217	608	1
217	380	1
217	244	1
217	292	1
217	357	1
217	290	1
217	254	1
217	397	1
217	346	1
217	231	1
217	355	1
217	517	1
217	381	1
218	480	1
218	294	1
218	309	1
219	448	3
219	373	1
219	385	1
219	434	1
219	474	1
219	469	1
219	221	1
219	226	4
219	297	1
219	298	2
219	599	2
219	597	1
219	234	1
219	294	1
219	266	1
219	288	3
219	296	1
219	267	2
219	608	1
219	244	1
219	368	1
219	274	2
219	442	1
219	292	1
219	282	1
219	311	1
219	326	2
219	527	1
219	480	2
219	331	1
219	280	1
219	369	1
219	325	1
219	275	1
219	232	2
219	263	1
219	580	1
219	380	2
219	233	1
219	365	1
219	462	1
219	332	1
219	307	1
219	414	1
219	249	1
220	226	13
220	330	1
220	303	1
220	533	1
220	414	2
220	238	1
220	344	1
220	489	1
220	232	2
220	292	2
220	448	1
220	249	1
220	545	1
220	298	1
221	290	2
221	414	1
221	387	2
221	246	1
221	260	2
221	368	1
221	266	1
221	465	1
221	380	1
221	288	2
221	367	1
221	346	3
221	325	1
221	307	1
221	448	1
221	474	2
221	305	1
221	254	1
221	514	1
221	227	1
221	462	1
221	599	1
222	372	2
222	249	1
222	233	1
222	263	1
222	268	1
222	274	1
222	380	2
222	266	1
222	305	2
222	414	1
222	462	1
222	227	1
222	226	1
222	318	1
222	232	1
222	298	2
222	580	1
222	448	3
222	483	1
223	255	1
223	436	1
223	503	1
223	484	1
223	313	1
223	434	1
223	287	1
223	425	1
223	301	1
224	361	1
224	307	1
224	517	1
224	587	1
225	266	1
225	307	2
225	312	1
225	304	1
225	603	1
225	236	1
226	235	269
226	297	1
226	229	13
226	294	161
226	288	2
226	436	1
226	273	1
226	232	5
226	492	1
226	391	1
226	517	1
226	599	1
226	438	1
226	249	1
226	555	1
226	414	3
226	428	2
226	274	4
226	474	2
226	607	1
226	282	1
226	405	1
226	380	2
226	312	1
226	307	4
226	318	1
226	298	2
226	305	1
226	241	1
226	553	1
227	448	1
227	318	1
227	339	1
227	254	1
227	305	1
227	420	1
228	281	1
229	274	13
229	269	22
229	235	11
229	249	1
230	233	1
230	396	1
230	308	1
230	255	1
230	387	1
230	247	2
230	274	1
230	313	1
230	551	1
231	233	1
231	497	1
232	249	404
232	240	1
232	352	3
232	483	1
232	254	1
232	385	1
232	293	1
232	563	1
232	610	3
232	288	10
232	380	12
232	274	15
232	412	1
232	564	3
232	309	1
232	534	1
232	260	1
232	388	1
232	246	1
232	307	5
232	298	3
232	414	10
232	318	4
232	308	2
232	510	2
232	590	1
232	305	1
232	428	1
232	339	1
232	438	4
232	480	1
232	408	1
232	425	1
232	369	1
232	448	1
232	474	1
232	573	1
232	381	1
232	317	1
232	271	1
232	356	1
232	280	1
232	233	1
232	387	1
232	328	1
232	306	1
233	279	269
233	284	1
233	238	1
233	271	1
233	555	1
233	305	2
233	610	1
233	414	1
233	263	1
233	424	1
233	298	1
233	322	1
233	599	1
233	274	1
233	605	1
233	564	1
233	474	1
234	373	1
234	414	1
234	307	1
234	555	1
234	531	1
234	274	4
234	380	1
234	367	1
234	583	1
234	294	2
234	599	1
234	381	1
234	288	3
234	428	1
234	421	1
234	384	1
234	448	1
235	265	269
235	394	1
235	262	2
235	266	1
235	239	10
235	263	4
236	384	1
236	391	1
236	312	1
236	292	1
236	448	1
237	268	1
237	249	1
238	294	1
238	265	1
238	314	1
238	313	1
238	317	1
238	606	1
238	288	2
238	414	2
238	275	1
238	422	1
239	249	317
239	266	10
239	368	1
239	605	1
240	269	122
240	288	1
240	600	1
241	352	1
241	275	1
241	351	1
241	390	1
241	474	1
241	346	1
241	365	1
241	318	1
244	368	2
244	308	1
244	414	1
244	288	2
244	265	1
244	294	1
244	600	1
244	603	1
244	599	1
245	329	1
245	308	1
245	474	1
245	268	1
245	265	1
245	603	1
245	462	1
245	599	1
245	307	1
246	271	1
246	288	1
246	286	1
246	298	1
246	489	1
246	307	1
246	600	1
246	405	1
246	534	1
246	414	1
246	328	1
247	600	1
247	361	1
247	313	1
247	307	1
247	517	1
247	387	1
247	271	1
247	288	2
247	279	2
247	483	1
247	509	1
247	305	1
247	298	1
248	352	1
248	305	1
248	339	1
248	380	1
248	596	1
249	276	390
249	263	317
249	454	1
249	294	2
249	325	1
249	317	1
249	279	1
249	414	4
249	318	8
249	352	4
249	274	8
249	265	1
249	292	8
249	448	6
249	288	2
249	368	1
249	307	4
249	380	10
249	316	1
249	534	1
249	462	1
249	382	2
249	408	2
249	357	1
249	480	1
249	387	2
249	599	3
249	464	1
249	610	4
249	305	3
249	564	1
249	254	1
249	381	1
249	365	3
249	339	1
249	424	1
249	306	3
249	556	1
249	561	1
249	332	1
250	288	1
252	380	1
252	328	1
252	448	1
253	603	1
253	387	1
253	606	1
254	438	1
254	305	1
254	313	1
254	345	1
254	423	1
254	397	1
254	326	1
254	387	1
254	474	1
254	414	1
255	602	1
255	279	1
255	520	1
255	281	1
255	365	1
255	474	2
255	298	1
255	416	1
256	365	1
256	305	1
256	489	1
256	298	1
257	510	1
257	283	1
258	414	1
258	567	1
259	288	44
259	266	1
259	308	1
260	346	1
260	309	2
260	263	1
260	287	1
260	412	1
260	317	1
260	414	1
260	265	1
260	274	2
260	603	1
260	307	2
261	274	1
262	470	1
262	287	1
262	414	1
262	385	1
262	368	1
262	284	1
262	453	1
262	270	11
262	536	1
262	603	1
262	429	1
262	372	1
262	266	1
262	313	1
262	329	1
262	469	1
263	264	317
263	308	1
263	294	2
263	603	1
263	414	3
263	290	4
263	266	1
263	412	1
263	383	1
263	288	3
263	391	1
263	428	1
263	298	2
263	448	1
263	311	1
263	332	1
264	274	317
264	288	1
265	266	269
265	308	1
265	411	1
265	368	2
265	307	2
265	414	3
265	309	2
265	603	1
265	286	1
265	287	1
265	387	1
265	285	1
265	294	2
265	288	4
265	422	1
265	577	1
265	555	1
265	292	1
265	474	1
265	599	1
265	438	1
265	325	1
265	448	1
266	298	134
266	269	269
266	275	2
266	368	1
266	270	1
266	274	36
266	304	1
266	307	1
266	288	12
266	294	3
266	483	1
266	603	1
266	317	1
266	414	3
266	555	1
266	268	2
266	313	2
266	448	1
266	563	1
266	606	1
266	287	2
266	328	1
267	554	1
267	312	1
267	287	1
267	474	1
267	414	1
268	372	1
268	555	1
268	325	4
268	414	2
268	308	1
268	297	1
268	356	1
268	289	1
268	462	1
268	368	2
268	304	1
268	483	2
268	438	1
268	367	1
268	313	2
268	274	1
268	288	4
268	309	1
268	369	1
268	410	1
268	387	2
268	600	1
268	307	1
268	448	1
269	288	122
269	428	2
269	270	291
269	524	1
269	283	1
269	609	1
270	302	106
270	271	269
270	479	1
270	492	1
270	337	11
270	276	22
270	297	2
270	294	10
270	423	1
270	555	1
270	529	1
270	301	1
270	353	2
271	274	270
271	307	1
271	385	1
271	313	1
271	328	1
272	497	1
273	294	1
273	541	1
273	381	1
273	314	1
274	414	27
274	282	306
274	276	317
274	284	13
274	288	18
274	436	1
274	380	17
274	294	1
274	599	4
274	368	3
274	385	1
274	315	1
274	564	1
274	448	11
274	307	12
274	275	1
274	600	2
274	438	3
274	409	1
274	555	1
274	387	5
274	292	1
274	462	1
274	607	1
274	298	9
274	313	2
274	534	1
274	453	1
274	382	1
274	318	3
274	499	1
274	331	2
274	509	1
274	312	1
274	590	1
274	474	1
274	477	2
274	610	3
274	580	2
274	480	2
274	305	2
274	381	1
274	317	1
274	339	1
274	279	2
274	352	1
274	483	1
274	287	1
275	414	8
275	603	1
275	602	1
275	280	1
275	469	1
275	517	1
275	567	1
275	367	1
275	294	1
275	391	4
275	360	1
275	330	1
275	290	1
275	422	1
275	438	1
275	286	1
275	288	4
275	606	4
275	342	1
275	546	1
275	305	1
275	331	1
275	325	1
275	292	1
275	307	3
275	387	1
275	313	1
275	474	2
275	317	1
275	298	1
275	344	1
275	427	1
276	284	390
276	277	317
276	380	8
276	321	22
276	304	23
276	381	1
277	290	317
279	283	269
279	298	7
279	394	1
279	292	1
279	305	3
279	414	1
279	534	1
279	352	2
279	287	1
279	517	1
279	380	1
279	599	1
279	448	2
279	318	1
279	567	1
279	339	1
279	365	1
279	610	1
280	307	1
280	368	1
280	288	1
280	448	1
280	346	1
280	357	1
280	298	1
282	298	269
282	305	1
282	312	36
282	288	1
282	309	1
282	474	1
282	506	1
282	318	1
282	522	1
283	293	269
283	353	1
283	492	1
283	335	1
283	307	1
283	287	1
283	595	1
283	294	1
284	304	390
284	501	1
284	301	13
284	307	1
284	446	1
284	297	1
284	314	1
284	359	1
284	380	1
284	592	1
285	489	1
285	414	2
285	318	1
285	367	1
285	445	1
285	307	1
286	304	1
286	288	2
286	322	1
286	317	1
287	288	1
287	297	1
287	318	1
287	317	1
287	410	1
287	360	1
287	422	1
287	304	1
287	603	1
287	296	1
287	414	2
288	608	45
288	414	25
288	337	122
288	437	2
288	599	11
288	297	2
288	294	17
288	385	1
288	313	9
288	305	1
288	373	1
288	411	1
288	301	10
288	391	3
288	307	11
288	368	23
288	474	11
288	481	1
288	372	4
288	603	6
288	345	1
288	387	6
288	469	2
288	333	1
288	477	2
288	290	2
288	480	3
288	600	1
288	312	5
288	304	1
288	360	1
288	292	8
288	298	11
288	453	1
288	488	1
288	448	10
288	315	1
288	555	7
288	527	1
288	327	1
288	328	2
288	384	2
288	406	1
288	489	1
288	503	1
288	605	2
288	392	1
288	428	1
288	412	1
288	409	1
288	597	1
288	607	1
288	325	4
288	571	3
288	547	1
288	380	9
288	357	1
288	560	1
288	346	2
288	419	1
288	367	1
288	381	2
288	352	1
288	496	1
288	580	2
288	320	1
288	422	1
288	410	1
288	438	3
288	306	1
288	425	1
288	427	1
288	317	1
288	590	1
288	606	1
288	289	1
288	509	1
288	382	1
289	428	1
289	599	1
289	414	1
290	291	317
290	307	1
290	387	2
290	368	1
290	414	3
290	309	1
290	609	1
290	474	7
290	322	4
290	330	1
290	312	1
290	479	1
290	603	3
290	325	1
290	575	1
290	527	1
290	597	1
290	318	2
290	342	1
290	380	1
290	367	1
290	555	1
290	420	1
291	292	317
292	307	318
292	448	2
292	328	1
292	370	1
292	317	3
292	367	2
292	368	3
292	369	1
292	294	1
292	380	5
292	391	1
292	535	1
292	474	1
292	591	1
292	313	1
292	305	3
292	384	1
292	414	2
292	587	1
292	318	3
292	599	2
292	352	1
292	381	1
292	390	1
292	480	1
292	332	2
292	298	2
292	610	1
292	339	1
292	560	2
292	483	1
292	426	1
292	606	1
293	314	269
293	372	1
293	474	1
293	490	1
294	552	2
294	524	1
294	304	3
294	299	160
294	314	2
294	368	8
294	411	3
294	599	5
294	353	1
294	414	8
294	386	1
294	576	1
294	489	1
294	307	6
294	395	1
294	597	3
294	510	2
294	603	3
294	297	1
294	541	1
294	313	12
294	500	1
294	469	8
294	448	7
294	372	3
294	335	1
294	301	1
294	474	4
294	359	1
294	367	1
294	352	1
294	387	3
294	543	1
294	608	2
294	479	4
294	298	2
294	508	1
294	325	5
294	462	1
294	428	1
294	535	1
294	409	2
294	600	2
294	342	1
294	333	1
294	453	1
294	606	2
294	377	1
294	381	1
296	434	1
296	391	1
296	370	1
297	307	1
297	437	1
297	313	2
297	308	1
297	414	1
297	386	1
297	559	1
297	302	1
297	301	1
297	597	1
297	334	1
297	453	1
297	372	1
297	474	1
297	368	1
298	412	134
298	304	269
298	305	12
298	313	1
298	409	1
298	312	1
298	510	1
298	528	1
298	334	1
298	332	1
298	307	9
298	380	3
298	555	1
298	357	2
298	323	2
298	317	9
298	410	1
298	599	9
298	606	1
298	339	2
298	414	8
298	474	1
298	428	2
298	318	3
298	600	1
298	453	1
298	480	2
298	422	1
298	368	1
298	391	1
298	484	1
298	331	3
298	387	2
298	381	2
298	393	2
298	580	1
298	448	16
298	475	1
298	328	4
298	427	2
298	426	1
298	352	3
298	495	1
298	438	1
298	489	2
298	504	1
298	477	1
298	514	1
298	596	1
298	567	2
298	365	1
298	306	2
298	564	1
298	560	3
298	308	2
298	490	2
298	326	2
298	534	1
298	517	1
298	356	1
298	526	1
298	542	1
298	511	1
298	509	1
298	525	1
299	308	160
299	372	1
301	304	13
301	339	1
301	302	10
301	307	1
301	474	1
301	314	1
301	546	1
301	387	1
301	535	1
301	345	1
301	365	1
301	356	1
302	321	106
302	414	1
302	304	10
302	470	1
302	372	1
303	313	1
304	323	391
304	312	269
304	308	2
304	313	13
304	314	23
304	566	1
304	428	1
304	386	10
304	368	3
304	469	1
304	414	1
304	448	1
304	367	1
304	317	1
305	373	1
305	328	3
305	382	1
305	380	7
305	599	3
305	318	7
305	534	2
305	567	2
305	474	1
305	418	1
305	448	2
305	381	3
305	496	1
305	428	1
305	317	2
305	369	1
305	309	1
305	491	1
305	515	1
305	514	2
305	339	4
305	561	1
305	590	1
305	365	1
305	352	2
305	509	2
305	306	2
305	331	2
305	414	1
305	366	1
305	503	1
305	326	1
305	390	1
305	610	1
306	610	3
306	417	1
306	393	1
306	352	2
306	362	1
306	365	1
306	563	1
306	317	2
306	331	1
306	514	1
306	560	1
306	475	1
306	564	1
306	506	1
306	495	1
306	509	1
306	525	1
307	591	1
307	330	317
307	373	2
307	323	1
307	436	1
307	350	1
307	462	1
307	411	1
307	414	19
307	308	1
307	311	1
307	385	1
307	599	17
307	325	4
307	469	2
307	358	1
307	387	10
307	309	1
307	493	1
307	555	1
307	315	1
307	474	3
307	339	2
307	356	2
307	473	1
307	571	2
307	380	7
307	503	1
307	368	3
307	603	1
307	600	2
307	535	1
307	344	1
307	312	1
307	313	2
307	608	1
307	606	1
307	331	1
307	391	1
307	428	1
307	317	1
307	448	6
307	333	1
307	381	1
307	480	4
307	610	4
307	489	1
307	483	1
307	509	2
307	382	1
307	318	4
307	484	1
307	438	1
307	357	2
307	482	1
307	361	1
307	563	1
307	564	1
307	560	1
307	408	1
308	373	2
308	328	3
308	322	161
308	600	2
308	386	2
308	385	1
308	524	1
308	314	1
308	527	1
308	500	1
308	313	1
308	413	1
308	587	1
308	391	1
308	472	1
308	387	1
308	380	1
308	443	1
308	365	1
309	412	1
309	387	2
309	414	1
309	372	1
309	599	1
309	317	1
309	330	1
309	313	1
309	603	1
309	367	1
309	359	1
309	384	1
309	462	1
309	474	1
309	514	1
309	480	1
309	488	1
310	510	1
311	373	1
311	331	1
311	599	1
311	356	1
312	313	271
312	318	36
312	414	2
312	368	2
312	405	1
312	380	2
312	483	1
312	351	1
312	474	1
312	469	1
312	352	1
312	457	1
312	555	1
312	610	1
312	325	1
312	387	3
312	317	1
312	606	1
312	514	1
313	317	269
313	322	14
313	314	12
313	483	3
313	555	2
313	600	3
313	453	1
313	474	3
313	517	1
313	324	1
313	554	1
313	332	1
313	372	1
313	368	6
313	489	2
313	398	1
313	422	1
313	428	3
313	577	1
313	414	7
313	580	1
313	493	1
313	603	1
313	469	2
313	416	1
313	325	2
313	381	1
313	328	1
313	380	2
313	391	2
313	365	1
313	448	1
313	532	1
313	520	1
313	599	1
314	414	1
314	372	269
314	337	2
314	541	1
314	402	1
314	483	160
314	331	1
314	592	1
314	323	2
314	373	1
314	489	23
314	411	1
314	325	1
314	385	11
314	353	1
314	386	1
314	603	1
314	387	1
315	385	1
315	325	1
315	555	1
315	414	1
315	571	1
315	469	1
316	356	1
317	325	269
317	599	5
317	380	2
317	483	1
317	381	1
317	369	1
317	434	2
317	368	1
317	328	2
317	387	3
317	603	1
317	591	1
317	474	1
317	365	2
317	391	1
317	428	1
317	489	1
317	448	2
317	332	1
317	326	2
317	318	3
317	610	2
317	408	1
317	414	1
317	490	2
317	551	1
318	599	4
318	325	40
318	387	5
318	414	7
318	357	1
318	352	2
318	408	1
318	474	2
318	380	4
318	448	2
318	331	6
318	324	1
318	495	2
318	326	2
318	391	1
318	477	3
318	418	1
318	322	1
318	346	2
318	425	1
318	365	1
318	356	1
318	361	1
318	608	1
318	610	2
318	339	4
318	462	3
318	590	1
318	489	1
318	426	1
318	509	4
318	606	2
318	328	1
318	483	1
318	517	1
320	368	1
320	380	1
321	330	106
321	353	22
321	373	1
322	340	13
322	347	164
322	387	1
322	428	1
322	448	1
322	599	1
322	343	1
322	345	1
322	332	1
323	353	390
323	404	1
323	436	1
323	349	1
323	446	1
323	325	1
323	474	1
323	352	1
324	325	1
324	414	3
324	480	1
324	599	1
324	590	1
325	337	269
325	603	2
325	606	3
325	336	36
325	387	2
325	368	7
325	345	1
325	346	1
325	392	1
325	391	1
325	464	1
325	352	1
325	414	10
325	500	1
325	371	1
325	442	1
325	499	1
325	469	1
325	357	1
325	590	2
325	383	1
325	474	5
325	597	1
325	580	1
325	555	2
325	428	1
325	610	1
325	599	2
325	380	1
325	479	1
326	387	1
326	414	5
326	608	1
326	419	1
326	474	1
326	343	1
326	351	2
326	480	1
326	365	1
326	390	1
326	339	1
326	600	1
326	361	1
327	525	1
327	554	1
328	476	2
328	603	1
328	330	1
328	401	1
328	536	1
328	342	1
328	329	1
328	509	2
328	469	1
328	462	1
328	474	1
328	483	1
328	391	1
328	339	1
328	599	1
328	587	1
328	331	2
328	365	1
328	534	2
328	586	1
328	567	1
328	517	1
328	506	1
328	522	1
328	448	1
328	332	1
328	408	1
328	413	1
329	520	1
330	368	106
330	332	317
330	373	2
330	341	1
330	474	1
330	383	1
330	387	1
330	480	1
330	420	1
331	353	1
331	561	1
331	445	1
331	391	1
331	332	1
331	448	2
331	387	1
331	357	1
331	430	1
331	428	1
331	474	1
331	381	1
331	509	3
331	414	2
331	573	1
331	365	1
331	432	1
331	489	1
331	517	1
331	586	1
331	352	1
331	525	1
331	408	1
331	356	1
332	336	317
332	469	1
332	520	1
332	508	1
332	599	1
332	474	1
332	573	1
332	414	1
332	339	1
332	387	1
332	490	1
332	448	1
332	480	1
332	380	1
332	356	1
333	368	1
333	367	1
333	603	1
333	480	1
334	376	1
334	448	1
334	391	1
334	380	1
334	414	1
334	351	1
334	600	1
335	350	1
335	480	1
336	337	317
336	339	36
337	410	122
337	385	1
337	350	280
337	339	317
337	470	1
337	389	46
337	346	1
339	350	317
339	353	36
339	414	4
339	359	1
339	365	2
339	580	1
339	448	4
339	354	1
339	380	2
339	567	1
339	484	1
339	351	1
339	610	2
339	362	1
339	561	1
339	525	1
339	381	1
339	352	1
340	347	13
341	386	1
341	365	1
341	483	1
342	368	2
342	351	1
342	608	1
342	409	1
342	414	1
342	383	1
342	422	1
342	392	1
343	480	1
343	454	1
343	474	1
343	497	1
343	380	1
344	409	1
344	391	1
344	365	1
344	517	1
345	385	1
345	440	1
345	380	1
345	357	1
345	469	1
345	414	1
346	372	1
346	606	2
346	389	1
346	409	1
346	414	3
346	357	1
346	599	1
346	552	1
346	603	1
346	387	2
346	474	1
346	477	1
346	359	1
346	514	1
347	349	13
347	357	160
347	353	4
348	590	1
348	381	1
349	438	13
349	368	1
349	351	1
350	354	269
350	359	317
350	411	11
350	474	1
350	414	1
350	448	1
351	380	1
351	555	1
351	358	1
351	560	2
351	599	1
351	425	1
351	357	1
351	454	1
352	599	1
352	495	1
352	610	1
352	356	1
352	412	1
352	608	1
352	414	4
352	469	1
352	560	2
352	380	7
352	475	2
352	509	2
352	362	1
352	462	1
352	474	1
352	358	1
352	420	1
352	590	1
352	448	1
352	390	1
352	490	1
353	381	390
353	500	1
353	368	2
353	602	1
353	402	22
353	362	36
353	559	1
353	372	5
353	474	1
353	364	2
354	372	269
354	542	1
354	387	1
354	380	1
354	438	1
355	368	1
355	367	1
356	474	1
356	359	1
356	414	2
356	599	1
356	365	1
356	448	3
356	462	2
356	606	1
356	596	1
356	506	1
356	358	1
356	526	1
357	373	160
357	469	1
357	606	1
357	448	1
357	410	2
357	422	1
357	603	1
357	367	1
357	428	1
357	381	1
357	477	1
357	563	1
357	510	1
357	474	1
357	509	1
357	380	1
357	495	1
357	382	1
358	414	1
358	380	1
358	483	1
359	385	317
359	436	1
359	514	1
359	391	1
359	387	2
359	380	1
359	414	2
359	365	1
360	368	2
361	363	1
361	387	1
361	414	1
361	365	1
361	599	1
361	600	1
362	368	36
362	610	2
362	599	1
363	370	1
364	389	2
365	445	2
365	380	2
365	413	1
365	448	5
365	407	1
365	422	1
365	416	1
365	381	2
365	387	1
365	534	1
365	564	2
365	610	1
365	496	1
365	525	1
365	490	1
365	408	1
365	471	1
365	482	1
365	514	1
367	469	1
367	372	1
367	385	1
367	555	1
367	414	1
367	603	2
367	474	2
367	587	1
367	410	1
367	387	2
367	599	1
368	448	112
368	372	7
368	386	2
368	414	40
368	411	2
368	391	44
368	555	5
368	541	1
368	469	7
368	409	1
368	437	1
368	422	2
368	489	1
368	597	1
368	527	1
368	510	2
368	474	7
368	387	3
368	385	2
368	467	1
368	380	6
368	481	1
368	599	3
368	383	1
368	517	2
368	605	1
368	381	1
368	547	1
368	577	1
368	603	4
368	412	1
368	546	4
368	403	2
368	479	1
368	580	1
368	608	1
368	465	1
368	514	2
368	552	1
369	570	1
369	469	1
369	414	2
369	547	1
369	480	1
369	489	1
369	599	1
370	497	1
370	546	1
370	434	1
370	483	1
371	448	1
372	373	538
372	483	2
372	414	10
372	607	1
372	597	1
372	385	5
372	467	1
372	410	1
372	404	5
372	474	4
372	571	1
372	599	3
372	411	1
372	384	2
372	448	1
372	579	1
372	422	1
372	600	2
372	391	2
372	555	1
372	420	1
372	387	2
372	603	1
372	481	1
372	434	1
372	470	1
373	391	269
373	385	269
373	428	2
373	387	1
373	395	161
373	414	4
373	483	1
373	404	1
373	436	2
373	380	1
373	381	1
373	384	1
373	467	1
373	446	1
374	529	1
376	405	1
377	555	1
377	414	1
377	387	1
377	474	1
380	483	109
380	428	6
380	604	1
380	438	6
380	414	19
380	387	13
380	474	5
380	590	3
380	448	13
380	391	3
380	599	7
380	610	11
380	480	6
380	600	1
380	608	1
380	382	3
380	596	3
380	469	1
380	603	1
380	580	1
380	462	2
380	453	1
380	555	1
380	430	1
380	586	2
380	534	6
380	525	3
380	606	2
380	427	1
380	567	2
380	514	4
380	509	2
380	420	1
380	408	2
380	482	1
380	517	1
380	419	1
380	561	1
380	601	1
380	511	1
380	506	1
380	484	1
380	477	2
381	411	390
381	386	1
381	509	3
381	583	1
381	492	1
381	517	2
381	603	1
381	561	3
381	474	2
381	448	2
381	414	5
381	426	1
381	599	1
381	393	1
381	567	1
381	425	2
381	563	1
381	428	1
381	590	1
381	593	1
381	560	1
382	414	3
382	563	1
382	480	1
382	384	1
382	438	1
382	427	1
382	474	1
382	448	1
382	506	1
382	534	1
382	586	1
383	387	1
383	597	1
383	428	1
383	384	1
383	474	1
384	489	2
384	474	3
384	414	2
384	462	2
384	457	1
384	391	1
384	555	1
384	448	1
384	387	1
385	437	1
385	389	269
385	399	317
385	451	1
385	386	12
385	602	2
385	483	1
385	479	2
385	414	5
385	599	2
385	411	1
385	610	1
385	395	1
385	436	1
385	517	1
385	392	1
385	603	2
385	428	1
385	409	1
385	410	1
385	570	1
385	577	1
385	448	1
385	391	1
386	391	2
386	479	1
386	486	1
386	541	1
386	536	1
386	468	1
386	474	1
386	402	2
386	428	1
386	414	10
386	411	10
386	394	1
387	469	4
387	412	1
387	391	1
387	541	1
387	414	21
387	388	1
387	394	1
387	600	6
387	445	1
387	474	21
387	395	1
387	524	1
387	546	1
387	599	10
387	448	6
387	462	3
387	597	1
387	555	3
387	453	1
387	481	1
387	425	1
387	608	1
387	603	3
387	545	1
387	514	2
387	480	5
387	606	4
387	571	1
387	535	1
387	409	2
387	500	1
387	410	1
387	525	1
387	415	1
387	610	5
387	420	2
387	489	2
387	452	1
387	428	1
387	454	1
387	487	1
387	590	2
387	477	1
387	393	2
387	483	1
387	490	1
387	580	1
387	484	1
387	517	1
387	567	1
387	397	1
387	424	1
387	405	1
388	600	1
388	414	1
389	391	269
389	404	1
389	402	2
390	414	1
390	517	1
390	448	1
390	432	1
390	506	1
390	509	1
391	480	270
391	425	305
391	395	1
391	536	1
391	414	13
391	428	6
391	597	2
391	474	5
391	607	1
391	606	1
391	603	6
391	517	2
391	524	1
391	555	2
391	401	1
391	453	1
391	500	1
391	409	2
391	410	2
391	571	1
391	489	2
391	457	1
391	599	1
391	448	4
391	558	1
391	483	1
392	563	1
392	414	2
392	448	1
392	474	1
393	448	1
393	414	2
393	567	1
393	483	1
394	485	1
394	395	1
394	428	1
395	414	161
395	411	1
395	599	1
395	428	2
395	474	1
395	605	1
396	502	1
397	477	1
397	414	3
397	464	1
398	428	1
399	414	317
401	534	1
401	416	1
401	487	1
401	525	1
402	414	1
402	448	22
402	404	1
402	411	1
402	437	2
403	414	1
403	590	1
404	411	7
404	602	1
404	414	1
405	435	1
405	414	1
405	606	1
405	560	1
406	428	1
407	448	1
408	509	1
408	593	1
408	480	1
408	448	2
408	414	3
408	561	2
408	534	1
409	562	1
409	414	5
409	474	1
409	462	2
409	535	1
409	448	3
409	424	1
409	599	1
410	414	127
410	429	1
410	420	1
410	469	2
410	597	1
410	474	1
410	463	1
410	599	1
410	528	1
410	558	1
410	448	1
411	432	390
411	425	1
411	414	23
411	603	1
411	436	2
411	541	1
411	462	1
411	566	1
411	448	1
411	539	1
411	437	1
411	451	1
411	489	1
411	483	1
411	450	1
411	522	1
411	438	4
412	414	3
412	415	1
412	474	1
412	481	1
412	606	1
412	583	1
412	575	1
412	580	1
412	448	1
413	462	1
413	517	1
413	514	1
414	437	10
414	436	7
414	492	123
414	524	4
414	420	319
414	474	65
414	462	8
414	438	20
414	484	1
414	599	40
414	425	162
414	448	52
414	597	9
414	559	2
414	477	4
414	587	1
414	600	5
414	451	11
414	479	8
414	541	2
414	603	17
414	592	1
414	555	16
414	602	1
414	469	24
414	444	10
414	609	1
414	605	2
414	454	1
414	452	3
414	608	6
414	432	4
414	590	7
414	428	10
414	509	3
414	558	2
414	440	2
414	493	1
414	483	7
414	572	1
414	481	1
414	453	7
414	480	8
414	577	3
414	571	2
414	610	13
414	560	4
414	535	2
414	606	5
414	514	2
414	551	2
414	422	8
414	552	3
414	527	1
414	421	1
414	473	1
414	489	3
414	450	1
414	419	2
414	525	2
414	487	1
414	427	7
414	416	1
414	503	1
414	564	1
414	522	2
414	580	2
414	563	1
414	573	1
414	506	3
414	515	1
414	517	1
414	567	1
414	578	1
414	505	1
414	434	1
414	490	1
414	491	1
414	534	2
415	469	1
415	448	1
416	549	1
416	483	1
416	428	1
416	448	1
416	517	1
416	425	1
416	489	1
417	599	1
418	490	1
419	501	1
419	480	1
419	525	1
419	448	1
420	422	317
420	547	1
420	448	1
420	438	1
420	428	1
420	474	3
420	462	1
420	425	1
420	445	1
420	464	1
421	597	1
421	608	1
421	460	1
422	434	317
422	431	1
422	497	1
422	477	1
422	555	1
422	474	7
422	608	1
422	480	1
422	603	1
422	571	1
422	599	1
422	469	2
422	590	2
422	606	2
422	448	1
422	552	1
423	428	1
423	600	1
424	600	1
424	560	2
424	599	1
425	437	269
425	488	1
425	446	161
425	434	36
425	448	1
425	462	1
425	600	1
425	599	1
425	561	1
425	438	1
425	590	1
426	448	2
426	489	1
426	449	1
426	438	1
426	514	1
426	543	1
427	430	1
427	593	1
427	438	2
427	558	2
427	480	4
427	428	1
428	520	1
428	483	4
428	599	3
428	510	1
428	446	1
428	559	1
428	457	1
428	469	2
428	458	1
428	517	3
428	462	2
428	597	1
428	608	1
428	603	2
428	474	9
428	561	2
428	500	1
428	555	1
428	448	6
428	596	1
428	430	1
428	598	1
428	590	2
428	438	3
428	593	1
428	528	1
428	610	1
428	580	1
428	459	1
429	600	1
429	541	1
430	479	1
430	445	1
431	599	1
431	597	1
432	436	390
432	474	1
432	603	1
432	600	2
432	480	1
432	580	1
432	482	1
432	448	1
433	561	1
434	436	317
434	444	36
434	600	1
434	451	1
434	477	1
434	469	1
434	453	1
434	525	1
434	493	1
434	479	1
434	593	1
434	474	1
434	489	1
435	438	1
436	458	391
436	501	7
436	443	317
436	541	1
436	444	1
436	599	1
436	447	1
436	474	2
436	608	2
437	489	6
437	474	1
437	438	269
437	470	1
437	501	1
437	480	2
437	446	1
437	448	1
437	555	1
437	600	1
437	594	1
438	446	273
438	448	20
438	584	1
438	599	4
438	478	1
438	445	1
438	525	1
438	555	1
438	453	2
438	603	1
438	579	1
438	474	2
438	610	2
438	480	9
438	573	1
438	563	2
438	606	2
438	509	2
438	608	1
438	477	1
438	484	1
438	489	1
438	482	1
440	474	1
440	555	1
440	448	1
442	603	1
442	572	1
443	468	317
444	446	1
444	451	36
444	462	10
445	603	1
445	469	1
445	462	1
445	477	1
445	483	1
445	567	1
445	489	1
445	464	1
446	449	269
446	448	160
446	447	1
446	480	1
446	485	1
446	599	1
446	530	1
446	455	4
447	462	1
447	474	1
448	456	106
448	452	13
448	529	1
448	470	160
448	451	22
448	599	18
448	524	1
448	597	1
448	537	1
448	608	8
448	600	2
448	474	16
448	583	2
448	462	4
448	576	1
448	590	6
448	469	8
448	464	2
448	572	1
448	493	1
448	606	6
448	603	5
448	555	4
448	552	1
448	483	4
448	546	1
448	535	1
448	489	3
448	482	2
448	465	1
448	577	2
448	510	1
448	509	8
448	519	1
448	534	5
448	610	10
448	561	9
448	457	1
448	560	4
448	453	5
448	580	1
448	480	4
448	495	1
448	514	3
448	517	3
448	527	1
448	525	4
448	479	2
448	477	1
448	558	1
448	487	2
448	564	4
448	563	2
448	567	3
448	596	2
448	460	1
448	551	1
448	496	1
448	582	1
449	468	269
449	490	1
449	497	1
450	522	1
450	608	1
451	470	11
451	456	22
451	480	36
451	469	1
451	489	1
452	458	13
452	524	1
452	474	1
452	469	1
453	469	4
453	474	4
453	509	1
453	542	1
453	603	3
453	489	1
453	597	2
453	599	2
453	483	1
453	610	2
453	480	2
453	600	1
454	567	1
454	603	1
454	474	1
454	551	1
454	599	1
455	514	4
456	470	106
456	458	22
456	492	1
457	567	1
457	575	1
457	479	1
457	600	1
457	552	1
458	476	391
458	480	13
458	470	23
458	492	1
459	580	1
460	509	1
460	610	1
462	492	1
462	597	2
462	470	1
462	514	1
462	570	1
462	474	20
462	555	2
462	599	4
462	603	2
462	469	3
462	534	1
462	567	1
462	483	1
462	606	1
462	580	1
462	610	2
462	480	1
462	590	1
462	522	1
462	560	1
463	474	1
464	469	1
464	483	1
464	490	1
464	561	1
464	610	1
464	590	1
465	606	1
465	597	1
465	469	1
465	474	1
465	603	1
467	593	1
467	572	1
468	474	269
468	469	317
468	600	1
469	470	327
469	483	2
469	480	3
469	599	8
469	580	1
469	474	16
469	477	2
469	554	1
469	587	3
469	603	3
469	577	3
469	489	3
469	524	1
469	572	1
469	576	1
469	476	1
469	555	4
469	597	1
469	590	2
469	488	1
469	484	1
469	479	2
469	510	1
469	596	1
469	552	1
469	520	1
470	477	106
470	474	499
470	599	1
470	476	1
470	492	22
470	600	1
470	578	1
470	521	1
471	560	1
472	598	1
473	490	1
473	514	1
473	480	1
473	610	1
474	492	23
474	476	586
474	566	1
474	599	16
474	480	172
474	489	9
474	602	2
474	490	1
474	494	1
474	479	12
474	477	11
474	541	1
474	482	1
474	486	10
474	603	13
474	587	4
474	597	6
474	609	1
474	607	1
474	590	6
474	606	22
474	517	2
474	547	1
474	567	2
474	580	5
474	571	1
474	514	8
474	546	1
474	504	1
474	527	2
474	555	9
474	500	2
474	509	4
474	552	6
474	577	2
474	608	4
474	575	1
474	560	4
474	483	3
474	591	1
474	510	3
474	585	1
474	493	1
474	563	1
474	531	1
474	605	1
474	488	2
474	600	6
474	610	4
474	511	1
474	523	1
474	525	1
475	610	2
475	599	1
476	477	707
476	509	2
476	480	269
476	498	1
476	600	1
476	501	1
477	483	707
477	544	106
477	597	2
477	570	1
477	524	1
477	591	1
477	514	2
477	610	4
477	481	1
477	480	2
477	600	2
477	606	2
477	527	1
477	590	1
477	555	1
477	479	1
477	603	1
477	506	1
477	599	3
477	580	1
477	509	1
477	586	1
478	599	1
478	483	1
479	508	1
479	480	3
479	606	1
479	605	1
479	597	1
479	555	2
479	484	1
479	514	1
479	489	1
479	608	3
479	495	1
479	590	2
479	561	1
479	603	1
479	599	1
479	600	1
480	522	270
480	509	272
480	485	13
480	501	160
480	603	2
480	588	2
480	536	1
480	493	38
480	559	1
480	531	1
480	590	2
480	580	1
480	484	4
480	610	4
480	555	1
480	489	2
480	517	2
480	562	1
480	599	7
480	597	1
480	558	2
480	606	3
480	600	4
480	608	1
480	483	3
480	510	1
480	495	1
480	542	2
480	487	1
480	490	1
480	605	2
480	496	1
480	482	1
481	577	1
481	597	2
481	599	1
481	555	1
481	572	1
482	510	1
482	560	2
482	590	1
482	605	2
483	527	390
483	521	106
483	492	317
483	599	3
483	600	2
483	524	1
483	566	1
483	559	1
483	560	2
483	525	3
483	570	1
483	555	1
483	590	2
483	572	1
483	516	1
483	552	2
483	603	1
483	597	1
483	489	3
483	531	1
483	608	1
483	564	1
483	487	2
483	491	1
483	488	1
483	583	1
483	496	1
483	509	3
483	605	1
484	534	1
484	587	1
484	599	3
484	510	1
484	610	1
484	506	1
484	596	1
484	590	1
485	486	13
485	524	1
485	500	1
485	536	1
486	501	13
486	555	10
487	600	1
487	596	1
487	525	2
487	520	1
487	561	1
488	571	1
489	590	7
489	498	23
489	552	1
489	599	10
489	603	4
489	500	1
489	497	1
489	510	1
489	600	2
489	490	3
489	563	1
489	610	1
489	606	4
489	561	2
489	517	1
489	567	1
489	509	1
489	525	1
489	605	1
490	603	1
490	525	1
490	517	1
490	610	1
490	567	1
490	590	2
490	561	1
490	526	1
490	599	1
490	563	1
490	514	1
490	560	1
490	539	1
490	522	1
490	564	1
491	514	1
491	551	1
491	519	1
491	610	1
492	594	122
492	544	1
492	500	317
492	599	1
492	559	2
492	501	34
492	521	2
492	513	11
492	603	1
493	521	36
493	603	3
493	571	1
493	599	1
494	520	1
495	561	1
495	517	1
495	534	2
495	525	1
495	593	1
495	606	1
495	599	1
495	583	1
496	525	1
496	552	1
496	599	1
496	514	2
496	564	1
496	534	1
497	549	1
497	599	1
497	514	2
498	559	1
498	501	23
500	504	317
500	584	1
500	572	2
500	599	1
500	576	1
500	603	2
500	509	1
500	552	1
500	607	1
501	520	13
501	524	1
501	592	11
501	521	23
501	512	160
501	541	23
501	605	1
501	579	1
502	510	1
503	603	1
503	509	1
503	606	1
504	509	317
504	600	1
505	610	1
506	525	2
506	580	1
506	509	3
506	567	1
506	605	2
506	610	1
506	563	1
508	603	1
509	513	269
509	514	317
509	534	3
509	561	3
509	522	1
509	517	4
509	524	1
509	525	4
509	593	1
509	579	2
509	591	1
509	599	5
509	596	1
509	610	2
509	563	1
509	510	1
509	608	1
509	560	5
509	605	1
509	582	1
509	511	1
509	590	1
509	567	1
510	597	1
510	566	1
510	532	1
510	603	1
510	531	1
510	555	1
510	599	1
510	586	1
511	526	1
512	517	160
513	555	269
513	521	11
514	517	318
514	555	2
514	530	4
514	600	1
514	599	6
514	608	1
514	571	1
514	551	4
514	537	1
514	590	2
514	606	1
514	596	2
514	567	2
514	525	2
514	610	1
515	599	1
516	599	1
517	524	317
517	589	1
517	599	2
517	580	2
517	600	2
517	525	2
517	608	2
517	528	2
517	579	1
517	567	3
517	603	1
517	560	1
517	610	1
517	561	1
517	542	1
517	593	1
517	605	3
519	525	1
520	604	1
520	524	13
520	584	1
520	587	1
520	527	1
520	561	1
521	606	107
521	561	22
521	524	36
521	608	1
521	604	1
522	529	269
522	555	1
522	541	1
522	525	1
522	599	1
522	567	1
522	534	1
524	571	1
524	525	317
524	531	13
524	552	1
524	566	2
524	561	36
524	536	1
524	599	2
524	587	1
525	534	318
525	600	3
525	567	3
525	561	1
525	603	1
525	572	1
525	562	1
525	599	5
525	596	1
525	590	6
525	580	1
525	542	1
525	606	3
525	563	2
525	610	1
526	603	1
526	560	1
526	596	1
527	559	390
527	537	1
527	608	1
527	577	1
527	600	1
527	603	3
527	590	1
527	599	2
528	599	1
529	541	269
530	597	1
530	541	4
531	534	13
531	555	1
532	602	1
532	577	1
532	599	1
533	571	1
534	550	317
534	541	13
534	567	5
534	610	3
534	573	1
534	561	3
534	583	1
534	564	1
534	599	1
535	599	3
535	554	2
535	587	1
535	603	1
536	599	1
536	600	1
536	541	1
536	565	1
537	549	1
537	599	1
539	555	1
541	544	269
541	569	13
541	555	1
541	566	23
541	599	2
541	584	1
541	602	3
541	559	2
541	603	1
541	580	1
541	587	4
542	580	1
544	588	106
544	560	269
545	577	1
546	554	1
546	599	1
547	603	3
547	599	1
549	567	2
550	555	317
551	605	1
551	601	1
551	610	1
551	564	1
551	561	1
552	555	2
552	602	1
552	600	1
552	599	6
552	590	2
552	603	1
552	591	1
553	599	1
554	607	1
554	555	2
554	600	1
554	575	1
554	603	1
554	591	1
555	566	279
555	561	317
555	609	1
555	597	3
555	600	2
555	571	4
555	589	1
555	559	1
555	608	3
555	599	11
555	590	2
555	572	1
555	603	9
555	593	1
555	596	1
555	606	3
555	587	1
555	580	1
555	577	2
555	570	1
555	579	1
555	607	1
556	563	1
556	586	1
558	599	1
558	610	1
559	561	390
559	566	1
559	608	1
559	592	1
560	580	271
560	606	8
560	600	1
560	610	4
560	599	4
560	590	1
560	561	1
560	567	1
561	566	390
561	570	317
561	604	22
561	577	36
561	599	5
561	610	2
561	596	3
561	567	3
561	606	1
561	586	1
561	593	1
561	590	2
561	564	1
562	583	1
562	603	1
562	610	1
563	573	1
563	564	1
563	583	2
564	610	1
564	601	1
564	598	1
564	567	2
564	583	1
565	577	1
566	586	390
566	570	269
566	588	1
566	592	1
566	587	10
567	599	7
567	610	2
567	596	4
568	588	1
569	608	13
570	604	269
570	572	317
570	588	1
570	580	1
571	604	1
571	577	1
571	599	2
571	608	1
572	579	318
572	589	1
572	603	2
572	590	1
572	599	1
572	597	1
573	577	1
573	605	1
573	599	1
575	600	2
575	597	2
576	580	1
577	580	37
577	588	1
577	599	3
577	603	3
577	600	2
577	597	1
578	606	1
579	590	318
579	599	1
579	591	2
579	608	1
580	599	275
580	603	36
580	584	1
580	608	2
580	600	1
580	606	1
580	596	1
580	605	1
580	590	1
582	610	1
582	596	1
583	610	1
583	603	1
584	600	1
585	603	1
586	592	390
586	590	2
586	599	1
587	599	12
587	590	2
587	605	1
587	603	1
588	590	106
588	592	1
588	602	1
588	603	1
589	599	2
590	596	318
590	606	5
590	597	3
590	603	6
590	599	14
590	591	1
590	610	6
590	605	1
591	600	2
591	608	1
592	594	390
592	597	11
593	596	1
594	600	390
594	604	1
596	597	317
596	608	2
596	603	1
596	606	1
596	610	1
596	600	2
596	599	3
597	601	317
597	603	14
597	602	13
597	599	7
597	600	2
597	606	2
597	608	2
599	604	270
599	602	16
599	605	6
599	610	14
599	600	16
599	606	2
599	608	16
599	603	16
599	601	1
600	602	390
600	608	6
600	606	5
600	603	7
600	607	2
600	605	2
601	603	317
602	603	3
602	604	11
602	608	1
602	607	1
603	605	318
603	606	16
603	607	2
603	608	3
603	609	1
603	610	3
604	609	269
604	606	270
604	610	1
605	607	317
605	608	1
606	609	1
606	610	1
608	609	14
608	610	2